S.No.,District Code,District Name,Development Block Code,Development Block Name,Block Rank,% of Mothers who had full antenatal care,% of Mothers who received financial assistance under Janani  Suraksha Yojana (JSY) for births delivered in an institution,% of institutional births,% of institutional births in public facility,Percentage of Mothers who consumed iron folic acid for 100 days or more during pregnancy,Percentage of Women whose Body Mass Index (BMI) is below normal (BMI<18.5kg/m2),Percentage of Pregnant women age 15-49 years who are anemic (<11.0g/dI),Percentage of women who received supplementary nutrition,Maternal Mortality Ratio,% of pregnant women received 4 or more ANC against estimated PW,% of pregnant women tested for Hb for 4 or more times against estimated PW,% of pregnant women delivered in institution against estimated delivery,% of women receiving postpartum check within 48 hour of home delivery against reported delivery (Home +institutional),% of C-section delivery against reported delivery (70% weightage to CHC and 30% to DH),% PW whose ultrasounds done (Private + Public Institution) against registered PW,% of maternal death reported against estimated maternal death,Number of maternal death reported by-Reporting (ASHA/Health facility/Other),Number of maternal death reported by -Place of Death (Facility/Home/On the way),% of reported maternal death reviewed (CBMDR and FBMDR),% of reviewed maternal death presented to CMO/district officials,% of pregnant women received free transport facility from home to health unit against delivery,% of pregnant women received free transport facility from health unit to home against delivery,% of pregnant women received free meals against delivery,% of pregnant women receiving free treatment against maternal complication,% of pregnant women received free ultrasound check-ups against delivery,% of pregnant women offered free blood transfusion against severely anemic pregnant women,% of complication received against delivery,% of complaints disposed against complaints recieved,% of newborn babies with free transport facility available from health unit to home against live birth,% of home deliveries bpl received JSY Payment,% of rural deliveries received JSY Payment,% of urban deliveries received JSY Payment,% of caesarean sections of bpl in private accredited centers received JSY Payment,% of caesarean sections in private accredited centers district mainpuri kasganj chitrakoot shrawasti sonebhadra and sambhal received JSY Payment,% of ASHA of rural delivery received JSY Payment against rural deliveries,% of urban asha received JSY Payment against urban deliveries,% of District level JSY adiminstrative fund expenses against approved fund,% of state level JSY adiminstrative fund expenses against approved fund,% PW recieved 180 or more IFA,% of PW received Folic acid,% of PW received 360 or more calcium against PW registered,% of pregnant women received Albendazole against PW registered,% of PW given other JSSK drugs against PW registered,"Delivery distribution by level of delivery point (L1, L2, L3)","% C-section against reported delivery by facility type
-DH
-FRU CHC
",% of free Diagnostics for Pregnant women under JSSK against estimated pregnancy
1,118,Agra,803,Achhnera,1,54,43,21,63,77,83,76,63,91,87,68,71,11,27,81,21,96,40,39,35,20,1,67,70,53,63,60,70,3,78,20,72,15,28,90,47,12,33,45,40,49,36,58,78,75,27
2,118,Agra,804,Akola,2,27,91,25,74,95,49,32,95,13,37,53,4,58,56,59,37,3,19,40,81,38,27,75,5,83,59,84,37,73,27,66,28,18,72,35,49,52,18,33,96,74,37,92,28,6,42
3,118,Agra,805,Bah,3,70,73,24,50,28,95,43,20,1,69,96,18,11,75,29,50,69,94,34,100,74,37,16,11,46,73,54,43,28,53,67,97,34,76,11,29,69,18,36,72,44,93,41,8,49,12
4,118,Agra,806,Barauli Ahir,4,59,13,67,57,78,35,99,66,14,18,81,98,67,15,4,60,86,21,37,91,44,80,59,8,50,13,92,83,44,36,99,11,74,81,4,43,83,13,49,75,41,6,12,51,52,1
5,118,Agra,807,Bichpuri,5,90,91,7,70,34,54,75,80,34,50,85,12,77,56,19,36,85,16,80,31,94,59,15,51,52,88,34,6,80,39,90,53,20,82,44,49,15,26,76,84,20,74,95,14,71,82
6,118,Agra,808,Etmadpur,6,40,21,48,82,100,4,60,95,100,77,28,21,42,96,45,52,15,27,70,74,14,62,1,17,70,35,23,82,50,89,65,14,61,24,13,52,91,29,46,97,60,64,14,45,66,82
7,118,Agra,809,Fatehabad,7,9,34,37,88,18,59,33,75,56,92,67,97,75,25,99,92,3,34,73,98,61,67,98,19,69,88,52,15,36,29,21,57,61,97,51,81,84,23,59,40,29,28,94,45,61,25
8,118,Agra,810,Fatehpur Sikri,8,9,90,44,65,31,13,89,52,4,67,10,77,64,91,46,82,98,23,63,41,4,82,18,36,92,16,1,65,36,86,7,23,68,5,39,31,22,73,91,80,30,7,100,38,75,39
9,118,Agra,811,Jagner,9,83,30,66,97,5,39,76,83,37,73,7,27,79,44,22,76,40,75,69,81,44,98,1,39,75,53,42,6,72,61,30,43,91,94,35,1,23,13,43,7,70,74,40,91,68,9
10,118,Agra,812,Jaitpur Kalan,10,93,44,89,24,15,45,72,24,60,77,8,44,92,81,53,2,25,46,97,60,62,78,41,65,7,19,69,46,39,67,90,56,1,37,84,51,20,69,93,10,36,14,27,15,71,82
11,118,Agra,813,Khandauli,11,83,37,60,92,8,22,85,39,43,91,30,46,88,37,89,52,20,60,8,3,54,94,30,59,21,85,1,90,53,4,6,63,84,49,21,85,19,55,17,53,89,67,7,85,78,83
12,118,Agra,814,Kheragarh,12,27,76,51,85,21,99,66,91,56,7,17,38,87,27,59,22,43,62,17,27,79,68,23,10,50,15,51,33,69,83,46,1,91,17,69,18,15,78,76,39,47,87,50,70,49,100
13,118,Agra,815,Pinahat,13,26,6,62,1,63,53,92,70,59,98,37,77,84,9,71,7,16,56,77,40,75,37,72,61,15,68,30,99,48,26,39,31,67,31,98,14,36,76,6,49,70,36,5,25,65,99
14,118,Agra,816,Saiyan,14,22,63,84,68,32,68,35,99,62,91,40,68,4,86,68,76,43,78,100,36,87,36,28,94,15,78,8,62,1,66,33,83,33,25,38,1,51,62,96,32,10,4,54,61,59,22
15,118,Agra,817,Shamsabad,15,33,20,84,34,55,62,16,52,2,71,33,84,47,89,38,16,56,1,22,72,71,29,77,17,38,87,86,49,29,7,46,63,100,54,17,82,32,98,48,29,54,17,38,18,70,82
16,119,Aligarh,818,Akrabad,16,81,30,81,17,39,54,2,33,83,49,85,52,91,55,18,83,49,100,23,34,56,42,74,39,48,84,9,45,8,42,100,77,13,65,47,11,74,53,16,52,33,84,5,45,96,3
17,119,Aligarh,819,Atrauli,17,17,79,77,15,35,1,10,46,96,26,16,80,19,48,84,62,75,54,17,70,56,36,61,13,55,71,95,57,77,16,79,100,7,61,10,32,16,95,31,57,76,43,21,41,89,38
18,119,Aligarh,820,Bijauli,18,50,1,64,100,45,11,32,95,67,30,65,93,13,64,1,16,18,96,32,64,97,61,27,7,55,91,65,42,63,28,70,86,36,34,77,28,94,15,9,64,60,13,88,54,18,45
19,119,Aligarh,821,Chandaus,19,99,80,7,95,57,97,40,28,80,29,61,23,22,85,80,34,98,9,3,76,26,64,56,19,70,91,25,62,39,25,73,96,41,57,93,41,71,62,26,50,51,2,51,10,59,22
20,119,Aligarh,822,Dhanipur,20,39,45,94,74,78,94,15,64,36,25,47,87,55,58,79,45,36,15,77,3,19,69,35,22,24,90,41,95,69,9,74,90,43,80,33,15,64,12,39,30,66,1,32,36,99,35
21,119,Aligarh,823,Gangiri,21,19,74,10,22,42,92,71,87,86,49,90,10,44,80,48,15,78,12,65,96,34,87,76,41,3,18,34,45,25,66,40,2,57,10,72,14,4,8,28,53,67,98,37,85,12,29
22,119,Aligarh,824,Gonda,22,49,88,77,54,94,19,9,63,26,55,43,9,87,77,2,65,19,31,97,93,46,53,3,44,79,88,24,86,5,41,19,45,24,74,24,81,56,18,82,47,63,84,77,82,5,56
23,119,Aligarh,825,Iglas,23,52,56,19,81,48,25,61,3,93,57,20,24,27,63,35,84,58,21,100,15,65,89,43,21,87,8,50,81,21,75,69,89,53,17,17,57,9,6,84,47,83,53,20,55,8,62
24,119,Aligarh,826,Jawan Sikanderpur,24,41,96,46,27,90,2,65,72,21,71,63,26,77,17,22,34,25,64,65,14,56,23,86,33,100,18,80,1,33,39,88,45,66,82,10,64,99,45,27,90,80,4,54,22,14,65
25,119,Aligarh,827,Khair,25,10,87,8,74,3,34,84,73,35,40,6,17,67,61,11,24,98,64,22,58,36,72,26,90,83,30,31,12,2,36,26,34,73,99,51,53,62,15,40,30,94,24,87,61,24,80
26,119,Aligarh,828,Lodha,26,37,73,41,80,96,5,72,5,41,80,19,10,73,89,51,63,27,84,79,95,50,42,30,66,97,47,63,88,28,6,72,20,47,11,31,54,2,69,46,86,7,27,78,5,45,32
27,119,Aligarh,829,Tappal,27,80,43,17,57,12,48,67,88,42,6,75,50,87,21,79,5,45,34,11,38,90,92,17,74,97,13,90,44,34,55,12,63,66,14,44,38,42,9,36,72,3,44,91,94,48,2
28,121,Ambedkar Nagar,850,Akbarpur,28,92,56,64,13,88,51,95,58,35,59,13,64,80,97,43,21,14,4,25,27,82,9,57,50,27,68,88,84,11,89,28,15,6,34,8,29,69,35,39,76,91,56,74,1,52,87
29,121,Ambedkar Nagar,851,Baskhari,29,70,10,63,52,21,57,82,85,63,29,18,66,70,57,73,94,53,4,81,38,59,22,26,19,54,17,98,25,88,75,8,59,96,100,84,48,11,63,53,89,24,73,84,48,31,85
30,121,Ambedkar Nagar,852,Bhiti,30,96,12,66,20,15,37,92,28,75,68,96,60,22,23,87,64,31,65,19,75,91,18,53,92,97,50,75,37,55,96,58,33,96,100,50,25,55,33,69,57,13,49,1,94,69,18
31,121,Ambedkar Nagar,853,Bhiyawan,31,92,3,44,80,97,91,12,28,49,12,47,36,15,66,29,80,21,98,34,39,2,41,62,89,37,73,7,21,42,8,12,66,73,97,88,66,34,8,49,26,40,56,68,33,98,87
32,121,Ambedkar Nagar,854,Jahangir Ganj,32,79,60,49,75,37,77,82,8,59,9,13,28,52,43,83,37,100,74,27,56,5,6,36,99,50,73,8,44,75,4,53,2,41,94,31,78,71,26,63,89,33,84,33,52,38,1
33,121,Ambedkar Nagar,855,Jalal Pur,33,21,27,76,53,20,74,95,44,79,5,53,89,20,60,83,49,66,18,57,45,99,49,15,64,4,70,21,37,51,17,56,30,81,17,33,88,1,49,39,10,46,81,67,18,81,17
34,121,Ambedkar Nagar,856,Katehari,34,99,53,16,57,24,75,24,67,92,29,55,12,47,82,13,18,80,17,100,78,14,62,56,20,83,60,14,50,5,8,20,42,96,3,12,51,14,46,8,32,9,78,17,65,54,11
35,121,Ambedkar Nagar,857,Ram Nagar,35,51,30,56,34,74,61,17,46,8,10,45,11,62,80,4,67,84,11,77,98,81,35,85,33,13,94,4,38,85,21,56,45,62,11,64,74,95,58,7,80,43,63,29,61,11,36
36,121,Ambedkar Nagar,858,Tanda,36,85,36,99,33,53,5,41,46,72,61,24,82,29,65,46,40,61,24,52,95,45,69,85,29,69,90,83,61,1,21,60,26,91,26,55,94,72,42,66,29,65,86,26,35,97,95
37,640,Amethi,1578,Amethi,37,23,85,79,7,70,91,98,52,24,71,66,29,81,75,26,62,14,97,45,94,45,56,65,13,53,98,63,84,68,76,26,92,57,20,70,11,89,25,6,42,88,86,36,58,93,45
38,640,Amethi,1465,Bahadurpur,38,46,69,90,56,36,14,63,87,91,42,8,29,22,85,14,59,80,47,11,91,16,52,15,23,62,10,46,45,39,75,19,73,36,46,41,91,41,4,73,9,74,13,20,43,6,15
39,640,Amethi,1581,Bhadar,39,17,52,30,16,78,13,7,7,43,91,74,39,76,100,7,43,7,73,14,77,32,75,9,45,12,80,43,68,74,96,32,58,87,4,70,6,35,48,26,75,40,7,57,20,78,12
40,640,Amethi,1582,Bhetua,40,69,76,97,63,1,81,72,93,47,64,77,25,42,23,59,94,78,13,91,27,23,74,25,56,30,93,43,35,98,93,59,54,3,51,90,73,24,91,16,5,83,22,24,74,28,91
41,640,Amethi,1586,Gauriganj,41,26,61,16,46,68,30,7,14,37,64,17,22,85,9,49,54,93,56,58,7,88,98,90,30,9,50,24,21,57,26,19,53,16,25,87,8,58,68,21,84,73,89,53,90,32,20
42,640,Amethi,1587,Jagdishpur,42,52,92,96,32,10,59,38,87,38,85,21,69,11,92,56,76,33,37,87,27,39,55,6,72,87,97,36,64,81,15,54,23,86,37,73,28,44,69,5,22,3,55,67,83,11,74
43,640,Amethi,1589,Jamo,43,29,94,48,2,51,39,3,30,31,70,33,63,55,3,39,99,39,47,1,8,71,7,32,26,77,97,12,28,93,28,51,73,35,80,83,31,44,13,2,36,2,29,34,74,51,54
44,640,Amethi,1595,Musafir Khana,44,72,92,50,13,2,95,70,33,83,15,2,38,4,46,62,60,10,78,69,21,84,76,42,78,17,63,44,94,80,99,50,13,53,32,70,48,67,88,38,6,73,36,57,13,31,89
45,640,Amethi,1597,Sangrampur,45,85,93,29,64,39,32,10,13,64,67,18,8,86,23,72,17,33,54,16,61,38,88,18,81,43,92,45,34,12,51,90,93,21,83,10,12,53,8,71,22,85,64,66,32,53,4
46,640,Amethi,1598,Shahgarh,46,54,79,56,9,45,86,97,100,81,17,58,24,2,42,63,83,19,23,90,25,88,29,48,70,44,10,14,77,88,54,46,82,61,50,13,77,7,82,18,92,28,16,79,98,83,72
47,640,Amethi,1599,Shukul Bazar,47,81,35,74,69,26,77,79,42,94,84,35,1,26,18,95,26,63,50,89,58,94,95,8,58,74,98,61,90,98,48,59,22,29,92,17,31,47,98,88,66,15,67,99,100,59,14
48,640,Amethi,1481,Singhpur,48,84,10,61,39,32,66,19,70,64,99,25,91,95,58,84,100,66,93,59,34,70,15,22,23,59,31,67,29,95,59,91,27,70,93,97,63,75,38,40,69,23,43,63,36,13,94
49,640,Amethi,1482,Tiloi,49,74,38,1,89,28,35,99,50,77,41,57,97,9,45,80,29,40,3,85,77,27,4,25,66,29,81,30,99,38,54,75,6,71,62,37,77,7,31,46,9,98,75,28,63,53,7
50,154,Amroha,1252,Amroha,50,3,41,90,32,72,46,9,54,6,7,48,10,14,64,6,42,47,86,25,74,78,2,31,53,46,38,100,74,41,56,5,25,46,99,50,44,71,7,89,78,68,2,92,69,96,47
51,154,Amroha,1253,Dhanaura,51,20,97,93,12,48,16,66,43,80,22,88,64,4,67,21,11,60,26,44,80,19,90,5,70,100,50,39,85,21,55,71,53,16,79,30,71,21,37,62,17,56,71,25,45,8,16
52,154,Amroha,1254,Gajraula,52,21,57,88,18,81,15,82,87,23,24,63,18,81,33,89,25,89,8,20,57,69,85,47,83,2,27,81,5,10,78,14,66,29,84,50,86,87,51,6,8,29,9,62,78,82,17
53,154,Amroha,1255,Gangeshwari,53,24,87,99,67,59,86,52,73,89,44,83,5,94,3,39,27,89,96,73,20,62,11,63,56,68,30,80,87,77,99,92,36,85,33,26,79,4,70,58,85,85,24,99,76,31,49
54,154,Amroha,1256,Hasanpur,54,28,64,28,21,70,33,42,96,45,44,60,2,64,88,91,34,73,36,10,45,28,91,30,69,47,50,61,27,37,68,99,33,96,100,70,91,93,50,1,86,38,91,56,92,96,23
55,154,Amroha,1257,Joya,55,80,57,98,35,12,1,43,67,18,67,3,51,53,72,35,56,75,17,24,87,38,92,43,11,26,63,18,7,61,95,34,65,66,17,53,71,24,51,13,27,8,57,32,85,39,76
56,122,Auraiya,859,Achchalda,56,34,96,51,67,79,19,83,72,11,50,13,5,37,85,21,79,18,53,1,46,8,45,32,89,14,77,47,10,75,10,31,53,15,22,63,11,47,55,4,39,7,87,65,78,26,56
57,122,Auraiya,860,Ajitmal,57,76,97,8,18,82,48,50,13,63,57,82,18,84,88,42,78,92,71,7,58,94,39,79,15,17,43,24,74,22,81,32,95,88,12,75,100,47,68,40,71,1,38,59,71,35,72
58,122,Auraiya,861,Auraiya,58,49,95,32,68,75,14,92,28,97,47,98,60,65,28,51,59,70,91,56,55,78,26,65,72,23,72,23,14,92,31,32,72,25,66,46,93,33,20,26,25,87,39,69,34,56,46
59,122,Auraiya,862,Bhagyanagar,59,57,81,31,89,25,91,32,82,63,99,91,26,82,31,96,62,56,33,28,62,25,22,88,9,58,43,94,57,77,87,52,62,13,30,93,59,65,87,23,4,84,18,81,35,16,52
60,122,Auraiya,863,Bidhuna,60,93,91,53,75,15,10,59,22,46,92,17,83,62,97,75,72,53,87,27,5,84,32,72,10,56,80,43,23,87,28,48,55,9,72,6,64,49,100,46,70,20,97,55,3,39,3
61,122,Auraiya,864,Erwa Katra,61,89,40,50,72,11,45,8,3,44,79,14,24,77,40,19,40,4,40,50,71,33,62,56,3,39,20,100,11,77,94,71,7,59,26,77,65,87,93,43,97,34,1,67,18,48,96
62,122,Auraiya,865,Sahar,62,77,20,36,71,10,69,79,30,66,74,37,76,24,78,17,68,80,96,51,87,17,42,5,55,62,61,10,88,71,34,57,97,6,41,89,32,10,59,57,64,100,78,17,96,35,89
63,140,Ayodhya,1086,Amaniganj,63,58,21,70,21,7,28,91,36,39,87,23,43,94,2,53,32,10,24,64,67,18,84,11,86,26,90,33,54,20,71,39,5,26,82,8,74,83,10,44,80,42,58,71,49,85,80
64,140,Ayodhya,1087,Bikapur,64,100,49,26,92,27,5,99,25,88,4,23,44,93,5,12,49,70,17,81,17,65,25,87,52,82,83,19,97,1,88,51,6,49,7,33,82,79,42,66,20,11,51,14,25,41,96
65,140,Ayodhya,1088,Hariyangatanganj,65,27,90,68,7,61,49,84,39,56,4,45,1,74,73,35,62,80,46,67,21,2,65,99,16,84,35,63,41,90,67,94,99,9,96,53,41,89,25,61,13,34,91,95,58,7,96
66,140,Ayodhya,1089,Masodha,66,6,69,81,100,65,75,32,6,69,33,63,38,32,43,32,66,29,59,64,100,51,91,96,58,57,10,13,69,59,34,74,25,87,89,28,91,33,26,60,96,65,57,7,59,66,28
67,140,Ayodhya,1090,Mawai,67,17,44,63,3,52,68,22,85,25,77,39,48,2,79,29,6,13,29,50,27,61,97,19,49,80,29,50,7,70,48,80,15,54,4,98,46,96,62,3,19,40,80,36,25,76,5
68,140,Ayodhya,1091,Maya Bazar,68,13,36,87,15,45,83,25,75,53,19,40,41,91,45,73,47,13,64,4,22,21,74,25,44,79,42,51,87,50,75,67,67,3,22,11,75,29,53,69,79,88,90,11,74,19,9
69,140,Ayodhya,1092,Milkipur,69,86,76,84,47,67,8,16,52,93,32,6,70,74,22,12,89,56,44,81,35,88,78,14,71,22,12,36,90,54,43,32,55,71,25,74,13,4,59,86,21,40,76,45,81,59,8
70,140,Ayodhya,1093,Pura Bazar,70,56,30,97,23,61,81,2,92,96,20,29,57,77,28,82,16,83,60,87,38,27,92,82,49,96,25,6,9,30,61,34,50,99,15,78,56,22,70,73,53,83,46,94,60,15,51
71,140,Ayodhya,954,Rudauli,71,32,100,14,1,64,94,72,61,86,84,35,51,75,66,44,99,52,73,89,44,84,6,98,61,3,52,56,67,74,89,37,77,28,21,57,96,35,53,15,27,67,72,50,17,91,54
72,140,Ayodhya,1094,Sohawal,72,37,61,64,71,7,26,21,62,100,90,37,64,45,22,43,100,36,69,46,44,60,11,68,89,91,32,74,36,10,99,54,92,71,35,97,15,54,93,2,37,73,98,61,68,5,34
73,140,Ayodhya,1095,Tarun,73,26,80,33,54,48,99,41,62,39,29,80,74,8,35,13,5,68,67,7,38,66,14,54,45,35,60,76,12,89,56,4,67,12,75,64,91,32,82,98,50,100,30,44,83,18,36
74,123,Azamgarh,866,Ahiraula,74,69,20,83,61,91,25,41,50,7,19,7,64,14,77,52,19,83,73,39,51,13,95,45,85,21,56,82,16,80,69,74,10,14,64,79,46,20,75,25,79,69,81,47,98,100,76
75,123,Azamgarh,867,Atraulia,75,81,63,16,51,90,21,42,68,56,21,75,14,17,18,99,48,22,76,30,93,70,22,84,88,51,67,92,45,76,39,59,62,8,44,92,84,90,39,91,53,82,60,53,78,40,69
76,123,Azamgarh,868,Azmatgarh,76,47,3,52,56,13,8,29,36,76,24,60,53,32,81,86,15,92,28,7,47,98,64,53,92,5,69,8,57,23,29,43,10,31,46,88,54,88,52,24,60,22,10,77,31,20,62
77,123,Azamgarh,869,Bilariyaganj,77,80,29,4,72,10,98,39,63,25,4,61,82,31,47,92,55,50,69,63,99,100,30,67,32,24,63,21,99,65,91,54,8,53,89,24,17,59,22,46,62,17,31,94,67,21,75
78,123,Azamgarh,870,Haraiya,78,69,70,48,87,60,86,22,5,96,44,83,100,54,75,15,5,60,26,47,63,82,47,81,98,64,37,28,43,92,70,59,1,37,75,95,23,71,8,69,93,14,33,75,37,87,39
79,123,Azamgarh,871,Jahanaganj,79,86,49,23,80,2,38,31,43,6,71,56,4,14,95,11,46,9,1,44,80,31,33,75,38,65,68,18,72,34,36,99,27,30,69,8,70,75,6,42,78,100,40,87,37,46,86
80,123,Azamgarh,872,Koilsa,80,99,79,43,67,62,5,59,23,25,37,77,28,44,61,11,89,46,8,30,79,41,77,25,91,82,32,53,65,1,53,92,70,33,84,50,26,76,41,45,99,20,88,71,7,58,71
81,123,Azamgarh,873,Lalganj,81,93,44,70,7,85,21,72,66,90,56,93,21,70,25,15,27,95,46,39,2,26,63,58,47,81,17,75,89,52,40,72,49,86,55,91,55,18,86,49,85,40,70,91,54,32,94
82,123,Azamgarh,874,Mahrajganj,82,66,29,21,84,7,1,56,92,40,23,86,50,86,56,91,69,8,24,86,17,24,60,94,82,78,15,39,2,10,46,12,33,51,7,56,48,84,65,75,54,20,56,34,91,16,66
83,123,Azamgarh,875,Martinganj,83,89,10,34,70,52,18,39,85,36,2,37,90,57,8,70,49,88,40,76,71,7,71,39,53,1,37,62,11,32,95,67,30,79,4,11,62,4,6,55,33,72,79,74,17,82,62
84,123,Azamgarh,876,Mehnagar,84,11,47,4,39,1,41,63,98,33,73,70,33,57,1,50,78,41,6,69,23,73,39,100,63,14,10,61,97,29,69,17,66,61,27,37,85,68,33,95,9,3,54,80,27,48,11
85,123,Azamgarh,877,Mirzapur,85,2,54,3,81,98,64,85,8,34,69,17,53,78,4,25,82,71,49,98,77,40,13,80,45,94,56,85,92,15,81,36,25,51,87,30,94,34,82,36,17,53,87,74,28,91,91
86,123,Azamgarh,878,Mohammadpur,86,63,17,73,47,10,39,79,95,19,82,13,54,88,24,46,85,50,75,42,20,78,17,9,73,10,16,78,14,78,89,84,49,94,10,44,80,37,15,78,3,33,88,23,49,29,95
87,123,Azamgarh,879,Palhana,87,79,11,46,98,38,18,81,32,89,52,87,53,94,10,31,98,17,52,19,33,71,36,49,87,77,58,94,19,13,49,26,43,94,43,87,81,2,64,5,12,53,47,5,9,58,6
88,123,Azamgarh,880,Palhani,88,72,100,63,88,81,58,94,1,39,3,57,49,97,33,79,81,2,65,10,48,72,97,42,93,56,71,48,25,65,18,92,42,23,24,25,64,42,74,95,36,40,70,10,44,98,80
89,123,Azamgarh,881,Pawai,89,87,40,43,94,60,71,62,16,65,4,93,61,14,17,68,4,72,61,87,58,100,20,55,3,44,27,90,39,58,9,58,89,63,26,77,34,21,32,13,17,35,70,37,41,77,29
90,123,Azamgarh,882,Phulpur,90,20,22,44,34,100,78,28,42,58,10,50,61,64,27,74,37,85,52,66,55,3,42,95,87,27,74,1,32,73,73,36,43,6,69,57,97,48,2,79,19,84,11,4,27,81,35
91,123,Azamgarh,883,Rani Ki Sarai,91,6,43,85,80,43,68,4,38,48,24,16,80,43,55,48,84,49,30,4,67,9,49,37,73,66,70,33,32,72,3,39,83,19,11,77,3,51,41,99,76,24,91,41,95,97,22
92,123,Azamgarh,884,Sathiyaon,92,24,40,61,27,82,71,13,25,88,6,45,84,20,28,64,26,42,3,81,82,89,38,80,43,20,57,97,51,67,89,79,60,10,58,90,6,57,75,100,89,67,97,44,47,76,66
93,123,Azamgarh,885,Tahbarpur,93,90,26,80,46,95,58,39,56,5,19,85,63,26,41,91,22,80,11,32,35,15,79,80,96,64,14,88,54,81,58,25,59,13,64,83,4,55,54,5,59,80,99,37,64,15,4
94,123,Azamgarh,886,Tarwa,94,33,82,60,96,65,1,5,55,96,36,26,74,52,60,23,9,97,2,51,4,29,19,70,26,61,50,58,97,87,22,51,29,19,66,70,35,28,52,6,42,53,30,51,67,21,74
95,123,Azamgarh,887,Thekma,95,29,22,4,66,40,90,62,72,73,12,66,30,19,45,71,73,66,28,91,72,35,62,96,15,67,20,18,35,99,28,94,68,33,87,90,37,41,22,86,20,77,13,44,73,24,48
96,124,Baghpat,888,Baghpat,96,36,47,14,3,60,1,22,37,16,82,70,79,36,88,26,60,91,68,34,76,12,76,92,59,81,70,51,91,12,28,56,10,61,39,93,21,84,36,13,90,82,45,57,97,15,51
97,124,Baghpat,889,Baraut,97,49,80,19,18,81,74,52,80,15,9,50,13,37,53,52,3,97,18,71,26,28,69,82,45,49,89,41,77,82,48,97,99,50,7,20,98,28,92,55,29,86,11,60,79,28,91
98,124,Baghpat,890,Binauli,98,44,34,83,61,50,44,64,41,22,49,99,89,60,32,27,47,73,51,100,78,42,93,13,34,76,39,20,74,95,61,79,5,53,67,60,52,91,92,21,76,12,100,53,8,71,34
99,124,Baghpat,891,Chhaprauli,99,45,100,15,27,90,44,21,75,99,61,66,43,68,82,50,90,52,40,44,22,58,59,89,53,16,68,58,96,14,71,92,28,36,67,1,37,57,73,35,60,62,70,6,84,11,75
100,124,Baghpat,892,Khekra,100,59,93,28,6,73,98,61,12,31,58,67,33,59,13,34,100,21,57,23,97,51,16,55,30,56,38,73,61,15,28,8,25,76,3,7,38,59,22,24,70,32,53,47,88,40,88
101,124,Baghpat,893,Pilana,101,52,6,43,31,63,40,77,5,18,83,99,51,99,35,44,84,4,68,75,31,80,79,22,73,36,13,53,5,45,60,72,22,80,36,84,24,1,31,53,19,82,50,90,24,40,82
102,125,Bahraich,894,Balaha,102,66,82,23,74,39,14,42,98,47,39,75,64,14,19,70,6,37,64,15,38,43,100,37,86,79,7,70,91,38,88,38,9,21,83,35,54,81,17,73,52,15,50,89,47,57,9
103,125,Bahraich,895,Chitaura,103,53,2,23,86,80,58,7,85,38,89,77,19,69,32,85,92,14,54,18,35,83,22,38,67,6,56,36,14,53,88,69,100,63,99,14,80,5,21,37,1,66,46,86,7,70,68
104,125,Bahraich,896,Huzoorpur,104,89,25,21,60,22,57,37,18,54,76,18,83,46,13,79,89,53,63,84,47,98,82,17,53,19,50,13,48,7,85,98,49,29,94,34,70,62,98,79,28,4,70,23,30,80,4
105,125,Bahraich,897,Jarwal,105,2,20,43,9,17,53,16,14,21,8,47,95,75,30,66,1,46,86,64,18,69,18,69,76,100,63,86,84,47,68,9,46,69,17,100,63,14,64,33,69,47,85,77,27,78,1
106,125,Bahraich,898,Kaisarganj,106,69,5,69,80,1,40,75,38,10,30,40,66,28,53,46,24,59,26,65,16,97,14,62,98,53,47,68,34,70,69,82,17,80,75,43,64,68,34,85,48,13,79,43,53,48,84
107,125,Bahraich,899,Mahasi,107,22,15,63,76,54,34,85,34,1,94,30,78,8,62,25,46,30,81,31,93,62,25,52,9,97,32,10,30,45,79,18,40,76,23,63,45,8,35,88,78,42,82,84,47,1,63
108,125,Bahraich,900,Mihinpurwa,108,65,1,56,99,20,69,51,27,75,14,77,88,24,75,76,7,46,80,24,75,15,51,29,95,46,2,54,17,59,85,4,26,88,97,47,95,30,55,92,100,59,49,26,62,4,81
109,125,Bahraich,901,Nawabganj,109,18,29,49,85,49,3,55,40,90,38,72,8,48,43,8,42,73,4,13,65,92,9,72,11,14,49,31,58,25,87,42,70,72,96,59,1,17,15,65,23,62,25,46,33,97,33
110,125,Bahraich,903,Payagpur,110,82,60,99,26,16,56,56,83,71,37,61,15,93,56,5,37,77,100,53,61,10,58,85,79,29,78,21,87,65,78,7,58,9,66,56,77,17,72,88,9,75,17,93,59,81,24
111,125,Bahraich,902,Phakharpur,111,24,59,63,94,30,19,22,72,27,54,55,91,72,12,60,27,62,31,34,58,50,28,95,16,56,72,4,40,52,72,36,72,10,77,42,34,27,74,10,79,45,80,42,88,4,39
112,125,Bahraich,904,Risia,112,25,33,95,16,70,100,23,86,1,19,70,47,26,61,39,70,85,20,56,2,91,39,78,35,51,50,18,7,71,37,49,39,94,56,81,70,37,80,17,95,45,49,39,90,100,55
113,125,Bahraich,905,Shivpur,113,94,45,8,39,75,10,63,67,33,69,95,88,41,95,16,35,99,37,57,77,40,95,88,10,46,95,86,21,75,14,19,55,34,36,87,50,39,55,4,59,14,88,29,71,20,21
114,125,Bahraich,906,Tejwapur,114,41,88,78,13,65,43,32,80,46,38,1,40,79,68,33,66,87,3,57,10,60,12,74,53,46,71,20,89,55,20,32,81,16,51,64,4,34,84,32,52,62,39,70,59,22,87
115,125,Bahraich,907,Visheshwarganj,115,99,62,12,76,97,18,72,100,3,51,78,43,48,71,50,39,17,53,97,74,25,82,17,19,45,90,27,2,68,46,49,11,3,66,70,36,61,97,6,41,95,29,22,99,85,64
116,126,Ballia,908,Bairia,116,42,82,3,41,81,60,63,89,43,94,10,8,49,11,18,81,93,42,51,87,62,57,20,53,66,67,3,71,10,98,35,80,43,32,67,62,41,4,19,81,99,35,92,87,25,80
117,126,Ballia,909,Bansdih,117,68,58,58,62,25,13,48,20,56,32,100,65,81,2,59,95,86,52,64,27,31,97,97,10,31,10,73,60,74,42,78,82,18,74,37,3,51,78,61,63,12,52,56,41,82,6
118,126,Ballia,910,Belhari,118,37,24,45,64,29,56,18,70,33,88,27,28,64,35,48,36,26,65,97,32,48,98,80,42,57,20,97,44,7,28,44,25,75,50,89,43,94,97,48,49,26,21,60,32,82,76
119,126,Ballia,911,Beruarbari,119,49,8,27,84,5,68,49,40,89,63,30,71,8,86,35,4,42,61,47,96,77,44,20,55,64,13,25,91,80,58,100,99,15,57,22,44,46,14,65,81,2,59,46,9,53,89
120,126,Ballia,912,Chilkahar,120,77,26,65,4,10,38,90,39,43,96,10,58,60,42,5,79,19,61,11,29,44,84,35,28,54,90,67,60,50,58,51,29,56,6,98,28,90,14,31,57,21,10,59,49,3,19
121,126,Ballia,913,Dubhar,121,67,30,58,74,22,72,6,42,57,97,13,67,3,55,18,86,26,60,76,54,98,62,89,55,6,22,34,74,38,27,84,5,68,49,27,75,66,38,74,8,1,51,29,64,69,9
122,126,Ballia,914,Garwar,122,20,94,51,87,51,68,57,19,70,90,52,90,84,25,88,22,15,83,19,45,11,66,29,68,69,9,90,93,4,67,22,12,52,76,39,43,97,21,45,5,67,30,4,44,99,35
123,126,Ballia,915,Hanumanganj,123,86,64,4,91,19,58,36,25,50,17,67,57,73,35,87,19,85,80,96,18,68,15,5,36,86,36,40,67,47,83,89,38,89,9,35,83,96,14,67,88,77,81,98,64,85,29
124,126,Ballia,916,Maniar,124,26,61,21,98,35,1,2,51,29,96,34,71,52,54,66,6,42,66,93,18,80,86,52,73,75,29,83,46,94,52,16,54,46,85,22,86,6,54,90,43,48,82,45,52,6,44
125,126,Ballia,917,Murlichhapra,125,90,35,97,18,35,82,31,68,37,99,50,100,31,41,19,12,65,99,13,22,50,98,38,46,9,30,70,87,51,17,91,45,73,36,17,52,19,69,73,98,47,24,41,92,28,20
126,126,Ballia,918,Nagra,126,96,47,83,42,91,89,5,47,15,51,30,70,21,84,49,15,79,93,14,35,97,15,45,95,5,30,66,100,64,47,98,35,86,16,66,29,81,37,9,63,70,91,54,82,75,23
127,126,Ballia,919,Navanagar,127,45,43,6,15,54,76,12,60,99,18,81,22,14,50,15,80,20,60,14,77,71,92,32,82,26,51,2,24,37,100,21,14,96,31,79,37,14,86,7,54,92,44,27,62,24,76
128,126,Ballia,920,Pandah,128,27,67,16,11,77,98,61,33,83,31,67,77,27,77,85,21,77,12,7,57,82,48,28,76,25,79,60,81,48,81,31,94,18,99,50,16,50,53,30,44,6,85,24,4,21,46
129,126,Ballia,921,Rasra,129,44,94,59,24,63,96,45,69,32,27,89,14,38,44,98,39,60,55,10,47,75,14,77,42,99,47,83,60,43,78,41,69,78,14,49,95,69,6,30,37,1,37,3,42,5,59
130,126,Ballia,922,Reoti,130,24,60,38,73,58,92,30,2,92,40,53,98,61,81,48,5,44,10,31,38,90,57,82,45,11,62,6,40,79,31,11,62,98,63,70,7,56,82,16,66,87,8,59,22,71,39
131,126,Ballia,923,Siar,131,40,2,78,44,9,45,51,76,13,70,62,10,46,15,59,93,56,76,54,90,24,8,59,24,39,56,5,33,87,61,24,78,8,30,69,54,50,99,52,79,84,23,71,11,16,81
132,126,Ballia,924,Sohanv,132,54,43,7,73,85,1,29,92,22,43,9,60,43,68,95,63,52,19,40,54,88,24,72,88,69,93,7,26,62,40,80,32,95,45,25,99,49,11,20,83,4,63,81,17,42,69
133,127,Balrampur,925,Balrampur,133,57,8,47,40,91,27,70,72,23,85,16,91,40,72,16,39,1,21,23,86,10,64,68,8,43,70,100,39,3,94,33,11,38,39,100,65,92,70,33,69,24,43,39,1,38,1
134,127,Balrampur,926,Gaindas Bujurg,134,56,9,91,54,5,7,88,24,63,30,92,56,61,65,1,53,83,71,36,14,34,44,78,35,39,2,23,80,71,7,73,85,3,90,31,32,68,49,76,63,4,40,8,97,48,98
135,127,Balrampur,927,Gaisri,135,53,74,40,67,84,47,72,2,6,72,34,23,63,92,45,33,72,50,76,55,91,48,11,4,52,15,23,73,94,47,55,18,63,78,95,48,1,26,2,80,47,63,84,33,5,68
136,127,Balrampur,928,Harriya Satgharwa,136,39,44,37,71,34,38,69,5,39,96,2,17,32,95,97,48,42,90,53,7,48,48,85,51,69,71,23,49,27,16,41,18,45,11,47,85,52,16,72,93,13,64,3,44,18,81
137,127,Balrampur,929,Pachpedwa,137,9,97,36,78,14,34,54,31,62,76,23,28,62,14,25,88,55,33,73,97,13,64,32,6,55,18,63,81,76,34,98,9,57,87,50,42,81,57,45,23,63,64,80,35,88,24
138,127,Balrampur,930,Rehera Bazaar,138,96,24,80,54,17,62,11,1,26,79,7,10,61,24,30,69,25,59,49,29,30,78,71,35,88,10,3,39,31,50,73,49,100,94,28,55,21,25,88,77,27,57,93,72,63,2
139,127,Balrampur,931,Shriduttganj,139,76,27,16,94,71,25,88,29,95,62,97,50,78,94,15,72,36,26,66,17,33,97,27,75,38,19,46,80,97,36,27,37,41,20,71,87,12,39,89,96,59,71,34,15,64,3
140,127,Balrampur,932,Tulsipur,140,79,32,86,21,87,65,92,40,34,4,41,33,81,8,72,91,86,40,94,10,60,71,39,18,8,32,35,13,40,2,76,26,98,33,35,48,19,68,43,36,72,77,16,41,4,9
141,127,Balrampur,933,Utraula,141,6,72,49,100,57,78,94,58,40,88,77,36,87,37,15,78,56,45,96,37,88,81,17,56,5,14,68,64,29,56,33,96,73,10,52,18,5,42,10,51,42,67,6,84,73,49
142,128,Banda,934,Baberu,142,26,29,41,3,43,74,25,49,43,93,47,71,48,11,58,21,95,35,16,26,28,94,57,75,10,26,63,93,48,83,46,27,80,17,51,70,48,12,63,26,81,17,38,50,87,42
143,128,Banda,935,Badokhar Khurd,143,13,40,20,9,40,75,10,22,49,97,46,28,18,39,58,94,49,92,66,20,70,36,24,25,91,42,58,20,82,87,23,67,3,21,74,13,35,25,96,45,67,83,38,1,4,21
144,128,Banda,936,Bisanda,144,20,82,30,24,89,80,11,35,98,90,20,68,4,34,65,73,36,28,34,70,59,91,41,4,82,35,85,58,51,63,26,80,83,58,74,90,32,81,32,21,64,3,51,54,95,61
145,128,Banda,937,Jaspura,145,96,23,87,53,27,81,9,50,82,3,69,73,26,25,75,6,32,98,19,96,68,4,52,70,52,1,49,29,65,42,45,60,97,48,67,79,28,93,2,65,86,5,61,97,44,11
146,128,Banda,938,Kamasin,146,39,88,89,20,97,85,89,29,80,43,36,50,100,54,98,18,81,63,3,66,90,6,48,97,23,12,5,44,7,22,35,13,3,41,80,45,35,50,13,49,59,25,46,83,18,81
147,128,Banda,939,Mahuva,147,38,45,96,36,57,64,46,81,82,87,50,14,3,45,83,61,19,53,15,66,13,49,58,77,19,4,25,45,74,12,78,43,6,70,9,12,48,29,18,43,6,20,51,79,31,80
148,128,Banda,940,Naraini,148,59,54,20,2,44,7,31,12,63,29,63,80,43,97,87,12,52,32,12,60,73,37,44,84,31,90,26,75,96,12,57,20,71,14,77,27,90,59,8,60,99,43,63,13,47,36
149,128,Banda,941,Tindwari,149,19,96,17,51,91,58,28,64,99,9,60,22,21,28,77,28,94,96,33,87,83,30,67,33,24,73,25,61,82,18,70,93,24,91,27,21,70,99,61,26,93,43,92,77,98,48
150,129,Bara Banki,942,Bani Kodar,150,42,76,15,70,25,91,12,61,20,61,83,63,44,93,14,21,35,12,62,30,93,44,7,88,60,23,21,84,5,45,53,89,37,76,83,21,61,9,28,5,45,97,60,14,64,44
151,129,Bara Banki,943,Banki,151,78,29,90,11,74,28,21,84,83,45,41,90,43,60,12,51,14,92,28,9,45,11,51,37,100,65,33,43,89,55,76,38,33,74,8,44,54,5,68,2,60,39,76,8,31,95
152,129,Bara Banki,944,Dariyabad,152,65,62,76,54,84,8,45,96,6,42,76,39,11,74,95,54,72,8,71,50,12,77,38,30,67,22,57,36,99,40,9,72,24,73,4,67,92,54,22,76,39,59,67,8,34,73
153,129,Bara Banki,945,Dewa,153,58,90,53,31,47,24,51,52,91,56,74,13,60,97,5,71,92,29,29,92,42,53,95,20,83,88,37,15,51,35,56,6,80,69,17,53,99,1,22,89,5,83,84,18,25,76
154,129,Bara Banki,946,Fatehpur,154,59,83,7,57,23,89,52,18,48,23,59,25,67,70,17,31,89,25,76,26,21,86,21,60,63,17,80,92,85,36,85,29,53,16,41,53,88,24,92,84,21,56,74,4,40,88
155,129,Bara Banki,947,Haidargarh,155,37,86,7,61,53,31,80,59,22,73,29,6,56,93,38,54,75,24,96,60,7,69,13,77,15,57,20,98,37,62,79,29,69,96,84,50,1,45,45,8,63,40,6,27,80,62
156,129,Bara Banki,948,Harakh,156,73,100,30,66,32,32,21,2,38,76,79,8,70,74,40,76,31,25,46,9,73,92,27,63,93,98,60,24,17,95,5,47,36,100,63,93,69,4,85,25,100,52,34,24,73,97
157,129,Bara Banki,949,Masauli,157,77,93,16,84,1,37,100,15,31,69,9,48,36,14,54,79,71,10,16,27,62,28,44,60,84,47,87,91,31,52,8,15,65,40,7,70,21,61,65,1,66,70,71,21,65,31
158,129,Bara Banki,951,Nindaura,158,79,89,44,64,85,40,91,85,34,83,2,53,15,41,8,85,21,78,52,26,72,9,10,45,54,57,51,18,45,76,25,49,3,83,49,61,11,26,80,33,7,73,37,64,65,78
159,129,Bara Banki,952,Puredalai,159,96,99,47,86,54,18,69,18,62,78,18,56,80,87,50,98,14,69,14,68,46,9,52,2,81,16,85,24,40,74,38,46,82,30,60,78,43,32,95,71,35,92,14,4,58,48
160,129,Bara Banki,953,Ramnagar,160,48,11,53,19,67,17,26,14,62,98,30,49,85,27,63,94,8,33,18,22,88,51,13,80,30,86,60,27,82,91,11,32,85,50,42,64,28,62,85,13,75,42,20,47,98,1
161,129,Bara Banki,955,Sidhaur,161,18,40,33,69,24,87,64,27,43,9,97,32,23,30,69,95,34,87,23,62,1,93,56,86,33,23,87,55,31,94,39,2,4,3,57,7,23,48,75,53,20,82,33,36,17,44
162,129,Bara Banki,956,Sirauli Gauspur,162,76,7,46,10,27,62,8,44,32,98,40,3,54,17,57,8,50,100,63,45,94,33,69,88,39,53,5,94,71,98,49,28,7,73,62,10,50,92,82,2,60,11,13,76,65,30
163,129,Bara Banki,957,Suratganj,163,8,34,73,4,14,71,94,97,2,41,16,52,24,73,48,10,63,15,17,42,97,48,65,90,40,56,10,63,84,78,42,69,17,10,65,29,30,32,95,73,65,99,27,81,98,33
164,129,Bara Banki,958,Trivediganj,164,35,39,79,91,54,61,10,64,85,81,23,72,23,12,18,54,69,4,31,11,1,23,53,19,35,47,13,49,41,35,55,71,22,79,88,77,31,74,37,25,29,7,43,47,10,75
165,130,Bareilly,959,Aalampur Jafarabad,165,78,20,56,34,36,88,51,29,95,21,56,72,19,56,77,19,74,10,73,25,15,79,72,19,46,24,93,18,81,20,51,78,3,52,56,34,58,74,98,43,8,82,36,90,39,15
166,130,Bareilly,960,Baheri,166,18,72,88,13,49,4,94,32,71,36,52,92,40,30,17,75,97,87,32,94,44,18,75,26,63,40,17,95,84,43,38,88,22,49,97,20,28,68,90,55,45,50,99,53,7,58
167,130,Bareilly,961,Bhadpura,167,16,35,12,39,59,71,34,98,90,3,39,5,9,72,20,59,64,28,81,84,25,88,1,3,43,97,60,34,65,16,65,81,35,98,64,20,55,91,22,52,14,23,16,84,20,68
168,130,Bareilly,962,Bhojipura,168,26,66,87,3,33,11,62,42,5,55,71,86,36,21,2,56,77,26,61,88,10,51,95,59,95,99,100,78,17,5,58,9,75,26,51,19,70,14,35,75,93,20,85,6,23,42
169,130,Bareilly,963,Bhuta,169,53,42,10,46,12,74,1,82,18,12,61,16,75,76,43,79,96,49,48,11,15,72,6,42,29,80,43,77,97,75,11,89,16,68,30,23,62,72,55,48,69,32,86,4,53,77
170,130,Bareilly,964,Bithiri Chainpur,170,12,75,96,45,81,17,80,57,11,75,88,90,41,19,58,37,73,13,91,7,41,8,86,39,64,27,29,73,39,35,41,95,32,80,96,37,88,90,32,68,46,6,53,3,54,64
171,130,Bareilly,965,Damkhauda,171,59,97,79,46,67,29,24,91,14,35,82,55,18,5,10,90,26,36,57,6,84,42,89,25,6,36,57,97,87,55,7,31,26,50,16,38,31,94,48,11,86,52,17,6,47,86
172,130,Bareilly,966,Faridpur,172,49,79,27,66,90,26,51,1,95,58,20,68,35,90,52,73,17,71,22,3,28,91,41,35,86,96,74,57,20,54,90,14,50,99,83,47,10,31,15,51,15,82,47,9,38,1
173,130,Bareilly,967,Fatehganj West,173,28,91,42,52,47,97,78,97,44,81,87,51,88,39,18,96,46,44,51,2,68,87,21,62,12,19,40,6,70,25,78,99,62,70,10,58,50,32,68,2,9,48,100,36,31,80
174,130,Bareilly,968,Kyara,174,7,73,13,49,13,20,44,7,58,65,1,37,81,35,98,6,90,67,3,51,34,73,35,75,69,5,69,90,11,74,16,22,71,93,33,28,90,15,64,88,2,65,66,15,97,33
175,130,Bareilly,969,Majhgawan,175,11,89,28,43,6,42,23,77,12,1,51,58,79,21,62,66,32,53,97,25,74,22,2,68,19,68,38,76,53,68,72,21,46,93,29,77,26,25,61,82,49,44,95,58,73,63
176,130,Bareilly,970,Mirganj,176,88,23,8,86,22,53,27,77,77,96,44,55,36,29,50,13,45,50,100,24,77,82,44,68,73,36,90,52,17,54,12,38,40,79,41,97,64,11,47,6,45,79,42,15,77,15
177,130,Bareilly,971,Nawabganj,177,68,19,85,80,87,43,93,69,43,83,34,74,79,14,92,87,49,84,20,47,83,31,35,52,15,36,93,82,8,74,76,39,90,49,10,47,13,54,70,5,44,86,76,27,63,8
178,130,Bareilly,972,Ramnagar,178,84,9,35,67,16,40,84,31,99,26,14,77,31,85,33,99,63,90,6,30,67,12,54,1,28,59,73,7,48,40,18,54,80,73,24,87,94,57,6,25,41,62,25,70,72,95
179,130,Bareilly,973,Shergarh,179,97,5,68,2,29,37,96,43,74,91,54,20,98,34,98,55,30,93,21,74,77,98,64,6,96,22,99,18,54,20,32,8,89,25,64,53,34,57,69,91,27,32,35,33,96,38
180,131,Basti,974,Bahadurpur,180,51,18,95,72,39,60,36,53,92,41,41,61,12,61,2,94,46,9,14,63,14,68,34,82,32,76,80,1,57,85,88,51,2,19,69,9,35,24,2,41,94,56,98,66,2,3
181,131,Basti,975,Bankati,181,15,72,20,85,15,16,18,39,7,11,73,98,38,54,82,45,57,62,43,70,17,84,47,39,28,79,2,45,37,72,35,78,98,8,33,99,4,66,15,8,73,9,65,39,2,60
182,131,Basti,976,Basti,182,86,22,99,26,68,2,5,86,76,23,63,18,8,29,22,12,76,39,54,44,97,54,89,77,40,47,10,97,36,42,31,56,92,47,65,5,44,80,88,37,49,12,19,82,33,10
183,131,Basti,977,Dubauliya,183,1,55,75,78,56,19,35,60,23,80,47,94,21,99,91,26,79,92,24,59,21,41,92,21,46,49,99,40,7,55,17,62,12,13,49,43,21,72,14,50,81,17,33,83,87,75
184,131,Basti,978,Gaur,184,41,30,68,48,69,85,36,93,42,90,57,35,53,88,18,70,59,25,37,86,17,31,69,5,27,76,27,20,56,25,74,52,15,56,96,71,20,73,28,44,68,35,52,88,27,89
185,131,Basti,979,Harraiya,185,84,61,9,24,1,28,63,56,7,61,100,1,50,69,32,8,99,53,55,92,8,71,74,11,53,89,94,34,87,24,13,22,31,32,72,27,90,64,4,31,95,15,36,91,65,58
186,131,Basti,980,Kaptanganj,186,8,71,98,57,78,1,36,99,47,36,2,31,67,72,7,76,26,77,33,84,50,39,1,51,33,95,7,74,91,27,58,79,97,52,92,39,3,12,47,35,98,28,6,91,43,83
187,131,Basti,981,Kudaraha,187,40,62,38,51,68,31,49,11,16,47,81,17,33,15,77,39,79,47,83,84,23,81,5,98,36,72,36,56,78,41,49,11,51,73,66,10,73,97,99,68,4,44,18,18,99,88
188,131,Basti,982,Paras Rampur,188,17,91,30,18,9,45,79,89,14,82,86,40,61,27,4,46,12,33,49,41,54,55,78,35,88,91,7,43,21,10,52,1,52,46,9,57,60,14,69,64,84,25,97,60,38,65
189,131,Basti,983,Ramnagar,189,93,80,10,88,24,17,29,79,57,49,24,60,71,11,32,95,87,56,79,4,19,49,12,36,12,3,57,75,87,37,17,81,20,59,21,39,66,91,27,58,25,61,100,19,82,18
190,131,Basti,984,Rudauli,190,43,23,89,38,92,46,95,11,23,89,14,17,58,94,72,91,31,66,55,27,50,98,65,19,83,4,23,49,14,54,58,21,72,91,16,26,93,96,50,85,24,51,78,29,67,12
191,131,Basti,985,Saltaua Gopal Pur,191,86,33,100,69,20,45,88,39,79,68,94,56,11,27,13,79,43,32,88,12,63,82,21,69,58,27,66,74,90,20,98,34,22,55,6,69,74,36,86,68,43,64,27,35,75,23
192,131,Basti,986,Sau Ghat,192,62,7,70,5,94,66,76,26,9,73,36,72,78,14,78,98,10,72,23,4,44,67,33,29,91,89,39,98,33,99,74,88,69,5,6,33,16,66,5,71,29,7,37,61,98,2
193,131,Basti,987,Vikram Jot,193,54,20,69,1,41,62,78,33,73,20,77,43,94,43,35,74,52,62,94,31,81,97,27,50,1,99,62,83,46,18,68,31,55,98,49,98,77,4,82,45,52,87,100,78,58,6
194,179,Bhadohi,1510,Abhauli,194,19,30,25,87,27,49,98,19,85,91,53,78,80,36,87,27,92,42,10,46,38,51,14,79,95,46,82,80,19,54,17,12,78,14,22,32,83,46,67,36,75,11,23,44,7,71
195,179,Bhadohi,1511,Aurai,195,88,24,4,84,50,84,20,20,55,3,52,51,14,9,75,92,58,8,77,14,64,30,9,45,7,62,43,77,16,94,13,61,74,83,45,84,33,13,90,40,61,67,21,84,34,15
196,179,Bhadohi,1512,Bhadohi,196,4,66,31,81,62,54,17,42,5,13,49,74,10,32,71,6,68,13,91,29,44,10,61,24,66,29,78,29,40,61,97,51,45,95,31,78,3,75,26,6,84,19,71,38,89,55
197,179,Bhadohi,1513,Deegh,197,97,32,97,37,2,65,16,82,77,72,39,71,33,68,7,3,26,92,13,6,84,24,38,28,9,58,60,22,36,14,7,32,94,45,29,51,2,78,86,48,69,90,55,91,38,22
198,179,Bhadohi,1514,Gyanpur,198,12,35,64,4,81,17,96,36,86,50,33,83,32,74,68,88,39,74,23,85,84,91,42,91,42,24,76,16,69,57,93,74,64,12,52,16,45,66,33,35,53,19,40,94,98,38
199,179,Bhadohi,1515,Suriyavan,199,13,29,80,46,57,35,16,51,80,16,82,46,100,52,90,45,48,73,9,51,71,6,41,84,13,75,97,7,73,9,63,14,77,41,72,72,31,86,3,37,100,39,63,73,25,65
200,132,Bijnor,988,Afzalgarh,200,43,64,27,86,51,14,28,44,96,45,61,50,13,67,98,32,46,16,6,54,93,48,38,77,25,52,69,36,56,74,28,93,33,8,74,21,75,53,2,79,6,100,21,70,32,70
201,132,Bijnor,989,Budhanpur Seohara,201,29,97,64,98,61,78,61,97,96,15,66,29,41,60,71,22,79,53,16,80,76,24,61,17,21,71,19,23,54,90,41,81,85,25,13,15,64,18,72,20,86,37,77,93,18,80
202,132,Bijnor,990,Dhampur,202,26,60,99,68,57,20,18,59,90,31,6,96,51,87,99,15,54,32,73,24,87,38,91,71,20,85,92,55,76,16,50,60,9,39,77,41,77,21,85,63,29,17,80,31,61,51
203,132,Bijnor,991,Haldaur(Khari Jhalu),203,25,3,22,44,81,25,28,91,12,69,47,96,40,64,95,31,24,86,22,3,30,31,80,8,62,37,5,31,96,90,10,1,5,93,28,55,48,99,62,87,81,59,60,11,100,65
204,132,Bijnor,992,Jalilpur,204,66,69,82,51,100,78,41,19,12,48,83,36,31,94,15,48,66,2,55,79,96,34,1,2,38,15,45,8,70,2,80,70,4,83,8,24,48,39,42,92,32,44,60,17,57,5
205,132,Bijnor,993,Kiratpur,205,42,96,50,38,76,48,84,59,98,53,16,92,44,81,99,65,86,40,46,86,26,47,66,18,71,5,72,50,13,32,54,3,73,63,11,38,18,21,16,73,9,40,89,41,31,82
206,132,Bijnor,994,Kotwali,206,33,100,2,53,43,95,58,15,55,56,91,10,61,64,11,41,19,82,33,10,15,79,9,58,34,88,42,63,79,33,48,33,10,73,52,56,81,8,86,78,41,67,2,11,47,86
207,132,Bijnor,995,Mohammedpur Deomal,207,52,19,30,67,60,38,77,98,18,43,23,1,50,3,54,48,69,9,90,79,27,54,94,12,77,28,18,95,99,34,50,23,80,16,78,44,86,49,25,18,83,46,12,24,87,4
208,132,Bijnor,996,Najibabad,208,93,6,37,73,30,64,53,9,35,83,73,27,81,4,98,61,25,41,66,19,44,64,98,24,87,95,32,59,98,30,15,63,30,94,48,87,88,24,79,19,94,49,3,67,69,95
209,132,Bijnor,997,Nehtaur,209,83,1,13,63,44,7,97,22,37,89,16,67,30,8,38,73,91,18,73,9,96,90,41,57,56,9,58,62,29,40,28,9,50,97,33,53,31,54,59,95,63,99,4,27,71,37
210,132,Bijnor,998,Noorpur,210,86,12,76,70,84,47,98,17,45,66,6,10,100,35,27,5,6,72,46,88,66,6,81,7,89,38,12,3,42,69,18,34,97,3,56,55,4,20,65,28,49,42,35,70,71,11
211,133,Budaun,999,Ambiapur,211,92,41,17,83,61,50,85,44,56,72,2,50,99,4,34,55,18,26,2,65,17,80,24,73,78,4,82,96,34,59,95,76,65,15,54,72,27,48,15,78,33,99,20,36,78,44
212,133,Budaun,1000,Asafpur,212,55,9,60,26,100,40,95,18,19,83,51,69,70,21,57,88,28,52,15,93,50,86,20,37,18,57,32,89,75,11,27,17,79,44,36,75,11,89,55,19,82,75,43,79,5,7
213,133,Budaun,1001,Bisauli,213,25,46,62,92,31,93,71,12,63,12,90,17,80,36,80,15,50,59,85,34,72,90,44,57,5,94,49,38,61,79,33,96,98,10,76,27,17,32,82,59,49,6,3,52,14,50
214,133,Budaun,1002,Dahgavan,214,8,39,46,80,43,60,28,64,26,83,33,96,71,27,77,2,14,35,98,62,82,4,40,59,1,51,99,87,56,92,43,39,90,53,66,94,44,98,14,26,66,17,19,73,98,62
215,133,Budaun,1003,Dataganj,215,6,40,79,10,37,89,14,81,59,98,46,63,27,67,42,95,34,12,15,6,69,20,27,51,100,63,94,57,79,81,53,89,11,3,59,24,59,54,64,42,82,97,60,10,4,30
216,133,Budaun,1005,Islamnagar,216,5,55,2,24,86,55,95,58,81,91,42,66,17,97,75,10,77,66,2,83,72,11,62,16,98,19,7,43,52,14,12,76,7,73,7,97,28,81,44,22,61,39,75,45,80,45
217,133,Budaun,1006,Jagat,217,1,49,88,40,20,45,8,59,2,16,50,59,13,76,97,81,46,82,44,13,76,40,53,82,18,20,3,38,75,14,36,72,6,72,41,4,28,91,21,72,40,80,43,96,46,38
218,133,Budaun,1008,Mion,218,50,78,85,20,43,24,4,26,65,30,37,72,24,60,81,47,68,75,25,92,15,80,46,97,83,61,74,52,71,37,58,8,7,42,91,26,51,1,22,62,42,20,69,76,39,42
219,133,Budaun,1009,Qadar Chowk,219,22,33,82,22,66,65,27,91,75,23,59,21,94,43,91,30,52,90,15,46,97,59,99,91,36,91,54,19,81,35,85,68,92,55,87,36,87,97,19,58,21,56,35,91,4,52
220,133,Budaun,1011,Sahaswan,220,32,98,19,88,27,5,47,21,88,38,56,80,30,92,87,54,49,98,23,59,9,36,29,16,52,84,20,97,47,90,52,3,69,49,86,26,68,84,5,71,16,26,92,13,97,61
221,133,Budaun,1012,Salarpur,221,45,39,4,40,6,84,20,98,12,6,55,9,63,37,77,13,58,21,45,8,77,43,78,29,45,100,62,61,54,32,68,96,36,74,37,20,68,6,61,55,76,38,83,77,26,47
222,133,Budaun,1013,Samrer,222,19,69,90,30,64,100,37,42,5,69,5,100,12,90,20,8,71,7,79,42,76,43,97,59,80,21,16,67,33,45,61,89,39,77,66,33,83,87,39,75,45,35,86,13,28,48
223,133,Budaun,1014,Ujhani,223,66,82,99,62,60,14,18,84,34,45,39,90,52,68,7,87,14,7,28,77,46,61,9,19,91,94,14,77,97,51,1,16,32,83,46,61,37,100,54,8,82,31,64,83,31,70
224,133,Budaun,1015,Usawan,224,59,62,84,23,84,20,54,11,89,52,91,30,32,83,49,35,52,6,85,1,22,84,26,29,80,16,84,51,14,48,75,9,47,23,89,54,16,28,48,83,22,56,31,93,44,1
225,133,Budaun,1016,Wazirganj,225,22,85,27,46,67,17,85,54,2,65,84,49,85,1,90,68,17,32,48,73,62,91,78,41,23,13,34,100,55,44,7,32,59,77,16,57,93,24,37,99,15,32,9,36,15,64
226,134,Bulandshahr,1017,Agauta,226,92,67,29,68,24,14,38,1,43,45,98,99,62,69,32,94,84,38,74,13,28,92,55,82,63,99,54,20,94,57,13,29,78,99,56,60,97,22,64,95,8,65,86,63,44,7
227,134,Bulandshahr,1018,Anupshahr,227,31,9,49,47,64,99,8,97,32,72,13,29,50,9,59,37,3,15,78,18,57,32,96,62,13,53,54,95,38,74,78,28,70,32,99,47,24,31,94,15,46,30,79,33,57,73
228,134,Bulandshahr,1019,Araniya,228,8,9,2,80,7,69,47,70,39,78,79,15,7,100,21,84,16,47,19,31,71,75,38,53,2,19,47,37,12,61,35,71,46,85,39,3,93,43,70,100,92,26,17,21,89,90
229,134,Bulandshahr,1020,Bhawan Bahadur Nagar,229,72,76,42,91,9,37,78,40,14,80,22,72,50,86,55,90,10,44,4,41,77,15,65,72,9,21,87,76,41,94,18,9,59,55,43,79,32,61,54,89,19,96,86,11,37,2
230,134,Bulandshahr,1021,Bulandshahr,230,77,16,55,60,9,25,88,94,84,24,85,48,93,56,30,79,26,84,100,24,78,42,11,86,22,53,92,18,81,47,25,52,86,5,56,84,10,26,81,31,51,46,100,54,56,4
231,134,Bulandshahr,1022,Danpur,231,17,99,62,87,23,57,93,32,45,63,18,54,6,95,60,27,1,86,28,94,71,92,49,100,16,43,82,34,23,17,38,41,18,22,70,59,40,58,79,75,2,79,29,6,97,48
232,134,Bulandshahr,1023,Dibai,232,45,2,52,2,18,70,7,25,64,3,38,54,83,25,73,66,57,92,27,21,99,61,54,2,42,70,87,8,63,18,20,48,72,35,39,16,67,8,85,16,79,66,95,76,86,87
233,134,Bulandshahr,1024,Gulaothi,233,100,66,42,96,9,87,89,1,67,18,8,60,10,25,76,56,79,56,28,64,11,100,58,96,32,36,100,77,80,79,32,85,5,31,65,28,88,41,62,28,46,9,49,24,86,44
234,134,Bulandshahr,1025,Jahangirabad,234,12,5,84,20,39,66,2,80,47,85,35,89,5,17,80,16,33,23,48,66,7,48,82,71,25,79,42,4,34,12,47,48,15,80,72,80,28,63,81,38,33,96,3,57,6,27
235,134,Bulandshahr,1026,Khurja,235,86,48,69,72,44,80,43,94,87,51,40,82,18,70,85,10,73,9,43,44,78,45,78,41,62,56,96,47,13,87,41,5,19,19,46,90,41,73,99,34,65,92,43,93,71,28
236,134,Bulandshahr,1027,Lakhaothi,236,35,24,79,42,66,56,98,64,13,88,41,72,35,50,12,89,78,10,30,80,11,41,89,25,33,75,96,59,79,57,80,58,12,62,3,81,95,57,12,28,42,91,72,63,11,50
237,134,Bulandshahr,1028,Pahasu,237,94,44,92,5,63,100,34,53,95,32,71,72,12,86,54,93,56,10,59,3,24,90,68,9,60,95,26,53,96,30,10,91,27,75,47,11,74,48,5,41,5,99,11,75,26,37
238,134,Bulandshahr,1029,Shikarpur,238,28,65,69,28,49,99,20,34,82,18,64,28,87,66,92,70,19,90,53,4,44,24,58,21,75,19,14,80,97,24,87,13,94,37,76,23,3,81,21,29,73,12,89,78,4,44
239,134,Bulandshahr,1030,Sikandrabad,239,44,46,9,48,66,94,20,83,78,27,78,14,18,72,34,69,86,67,77,78,10,74,37,17,43,78,43,53,74,37,88,8,35,57,69,20,83,81,74,52,88,54,19,43,24,59
240,134,Bulandshahr,1031,Syana,240,11,89,38,80,43,79,60,77,11,76,49,34,55,21,15,65,5,26,34,98,37,85,76,44,95,88,36,75,53,7,58,8,36,43,82,4,54,90,53,75,81,9,59,22,90,53
241,134,Bulandshahr,1032,Unchagaon,241,90,42,82,60,96,2,26,76,28,11,59,17,64,31,26,89,72,50,99,20,4,55,18,42,36,99,51,72,94,43,24,81,29,43,5,14,50,1,37,33,74,8,52,3,69,5
242,135,Chandauli,1033,Berahani,242,5,58,24,26,89,53,67,73,94,60,34,27,52,88,66,48,14,49,40,20,57,5,98,52,15,10,20,56,20,76,54,68,19,66,100,36,99,71,34,69,8,29,66,15,20,37
243,135,Chandauli,1034,Chahniya,243,57,5,88,66,92,7,23,74,36,79,88,50,4,12,32,82,63,17,82,6,60,78,13,39,55,33,72,7,14,27,82,18,99,65,16,69,21,84,33,65,31,52,89,87,36,84
244,135,Chandauli,1035,Chakiya,244,50,1,42,76,56,37,73,14,80,67,30,57,61,97,61,82,3,66,17,27,77,74,31,35,98,32,62,67,3,47,49,98,75,15,81,19,100,40,15,77,91,59,62,86,49,81
245,135,Chandauli,1036,Chandauli,245,25,91,32,35,98,23,40,4,66,14,96,59,13,27,29,68,46,72,60,100,51,95,34,82,24,6,69,90,43,28,78,40,29,46,96,46,78,14,68,98,14,48,84,56,19,67
246,135,Chandauli,1037,Dhanapur,246,82,1,22,84,12,20,69,90,70,74,36,35,65,30,81,38,12,35,17,43,44,80,47,1,65,16,52,13,39,64,92,95,62,98,23,39,67,30,42,61,26,91,85,6,69,23
247,135,Chandauli,1038,Naugarh,247,45,84,92,55,21,55,82,36,75,97,37,45,7,28,82,49,15,5,83,46,96,37,15,51,14,59,75,9,1,69,60,8,75,93,29,69,7,96,61,27,39,29,83,46,88,62
248,135,Chandauli,1039,Niyamatabad,248,97,28,2,52,33,62,1,99,89,7,43,94,20,26,65,99,53,42,23,52,61,80,31,21,96,62,85,4,24,44,7,62,29,79,6,72,76,25,1,68,45,81,23,26,76,17
249,135,Chandauli,1040,Sahabganj,249,68,4,68,22,99,36,10,67,71,92,46,100,90,25,92,22,58,21,10,13,91,30,71,60,15,55,76,70,9,14,91,16,78,20,36,60,2,39,47,10,21,71,5,15,90,83
250,135,Chandauli,1041,Sakaldiha,250,83,23,72,38,16,2,90,55,6,60,27,77,17,68,87,8,36,90,92,55,4,23,48,98,40,31,86,13,79,41,77,49,84,85,35,91,7,28,94,23,40,81,93,55,59,26
251,136,Chitrakoot,1042,Karwi,251,10,100,51,8,29,54,32,62,84,73,39,31,20,68,74,52,55,79,32,84,77,13,38,1,8,48,97,91,57,84,47,24,87,16,56,56,92,61,100,62,25,92,25,61,86,52
252,136,Chitrakoot,1043,Manikpur,252,77,99,91,83,70,24,22,38,89,29,80,70,7,52,14,2,38,49,12,60,90,54,70,6,48,36,53,19,31,94,98,68,17,92,58,99,62,14,63,32,68,87,8,48,4,17
253,136,Chitrakoot,1044,Mau,253,91,69,71,95,46,84,18,82,16,32,60,14,35,54,4,45,8,59,23,78,19,20,84,24,5,55,94,33,64,74,16,65,69,32,64,12,89,70,33,8,70,15,39,55,79,55
254,136,Chitrakoot,1045,Pahari,254,23,57,62,62,51,14,29,78,85,16,64,100,17,10,32,22,61,30,79,53,19,35,98,77,95,58,9,2,51,100,34,71,9,45,38,3,30,83,72,41,54,88,5,83,71,60
255,136,Chitrakoot,1046,Ramnagar,255,87,38,27,1,91,55,22,85,96,62,67,9,57,71,1,28,94,29,18,100,37,38,87,9,72,21,79,16,80,96,11,74,99,18,80,16,32,86,14,48,43,11,48,95,84,40
256,137,Deoria,1047,Baitalpur,256,39,40,93,71,20,72,25,76,39,31,93,30,37,100,14,64,98,99,62,86,2,57,70,22,85,90,29,17,80,9,64,53,78,45,96,12,1,64,13,17,11,32,22,91,41,89
257,137,Deoria,1048,Bankata,257,3,4,70,34,60,42,78,78,19,47,10,99,41,77,41,34,83,48,52,9,59,79,50,92,55,89,82,51,60,26,1,78,57,50,63,99,80,83,94,57,96,2,64,88,51,55
258,137,Deoria,1049,Barhaj,258,31,94,96,38,1,25,71,9,48,50,76,39,93,70,8,48,26,14,40,6,33,54,94,42,44,85,26,47,63,8,57,20,72,25,76,28,60,96,73,40,94,28,86,21,48,69
259,137,Deoria,1050,Bhagalpur,259,46,3,24,87,76,22,71,93,12,56,18,53,47,10,61,80,92,41,97,86,24,38,4,14,24,76,12,70,19,44,34,75,42,78,65,19,73,10,77,43,8,66,9,8,71,88
260,137,Deoria,1051,Bhaluani,260,50,89,66,58,24,58,47,16,55,3,80,25,89,10,17,57,95,58,63,25,54,57,73,8,71,79,34,69,5,4,40,88,27,72,35,49,50,76,40,7,81,33,88,51,44,65
261,137,Deoria,1052,Bhatni,261,100,86,7,57,37,17,80,1,41,86,23,74,63,31,45,81,88,24,5,18,71,37,88,51,53,19,68,46,3,26,89,98,37,59,95,5,56,5,53,47,47,83,88,28,81,44
262,137,Deoria,1053,Bhatpar Rani,262,70,6,71,87,4,67,92,2,51,72,35,33,70,5,44,2,38,1,46,72,50,90,81,17,82,22,87,50,89,67,97,95,60,55,18,42,91,72,27,12,33,27,8,43,65,86
263,137,Deoria,1054,Deoria Sadar,263,86,35,27,63,18,54,69,37,88,95,9,56,6,1,67,88,51,23,50,13,34,83,33,57,53,88,66,2,12,21,57,38,17,65,15,26,89,10,76,78,43,6,4,11,62,28
264,137,Deoria,1055,Desai Deoria,264,65,29,53,19,84,34,11,51,17,53,21,66,2,50,89,85,35,59,99,94,57,70,5,12,68,30,32,73,37,73,80,4,67,31,89,36,72,50,58,92,30,50,27,63,98,7
265,137,Deoria,1056,Gauri Bazar,265,82,3,47,86,50,13,55,18,69,18,14,50,12,34,50,84,20,59,95,17,56,65,28,64,15,69,33,1,13,30,80,46,51,72,38,88,95,30,66,43,23,92,13,53,61,97
266,137,Deoria,1057,Lar,266,2,24,75,100,54,17,98,34,49,12,66,3,68,34,83,34,21,19,82,37,29,78,13,34,85,35,83,66,44,79,98,100,51,14,44,45,69,45,89,10,73,27,94,57,84,37
267,137,Deoria,1058,Pathar Dewa,267,25,60,95,95,31,96,11,14,91,5,43,33,97,63,65,1,18,96,90,12,79,21,10,35,84,38,42,8,3,33,14,50,98,80,20,85,34,38,75,52,92,44,7,58,4,40
268,137,Deoria,1059,Rampur Karkhana,268,25,40,60,81,43,88,28,65,78,98,49,98,37,4,81,94,51,39,75,53,47,95,46,91,8,28,68,96,13,75,100,54,32,98,32,49,36,91,44,6,45,23,50,51,90,29
269,137,Deoria,1060,Rudrapur,269,95,42,82,51,53,52,14,56,72,11,46,65,20,83,94,74,56,91,19,97,60,23,50,55,65,72,65,99,62,89,97,33,67,24,29,14,35,66,69,21,15,90,52,80,21,22
270,137,Deoria,1061,Salempur,270,7,86,5,13,49,22,11,58,8,53,43,79,30,57,54,17,43,59,9,76,16,90,30,81,35,22,62,39,68,62,83,60,90,30,78,1,35,85,6,59,52,4,46,70,87,37
271,137,Deoria,1062,Tarkalua,271,33,27,78,20,83,60,23,15,82,29,65,19,26,53,75,5,36,74,100,66,44,6,73,75,24,74,32,80,43,97,37,55,76,8,81,83,35,98,29,42,5,30,19,1,37,77
272,138,Etah,1063,Aliganj,272,26,92,4,20,56,30,53,28,94,35,98,86,100,67,71,38,58,98,7,43,84,20,39,3,30,56,45,22,99,77,39,64,22,33,70,23,78,68,89,46,10,99,62,14,4,68
273,138,Etah,1065,Awagarh,273,30,69,99,36,3,91,27,5,37,38,62,7,47,21,84,14,78,68,93,83,87,36,88,91,7,61,14,49,38,93,20,68,60,47,37,4,52,81,45,65,85,39,68,84,33,44
274,138,Etah,1067,Jaithara,274,35,1,87,36,70,6,60,81,74,39,2,9,22,91,40,92,55,82,63,51,86,17,68,84,5,99,3,29,86,6,22,87,39,87,50,17,58,7,9,48,29,19,70,10,61,77
275,138,Etah,1068,Jalesar,275,52,88,6,69,84,46,25,91,31,52,68,100,53,62,56,62,98,14,38,52,30,23,70,97,62,55,76,30,69,2,79,100,16,67,20,45,47,10,29,92,66,16,87,25,1,68
276,138,Etah,1070,Marehra,276,65,68,16,45,26,90,51,17,21,84,88,14,17,67,24,45,61,82,32,95,69,62,13,90,42,68,46,35,1,26,36,93,22,70,19,27,91,12,32,67,22,85,37,100,42,8
277,138,Etah,1071,Nidhauli Kalan,277,54,8,59,52,74,14,94,86,25,35,78,96,60,7,100,52,92,16,32,83,39,78,40,94,48,10,85,62,17,6,91,6,69,87,100,41,77,8,38,72,35,2,7,43,31,96
278,138,Etah,1074,Sakit,278,88,83,99,66,30,46,67,98,49,31,73,9,72,53,7,42,77,12,75,23,89,54,8,46,50,77,15,81,55,9,83,48,26,74,40,44,7,32,74,79,6,71,92,95,64,77
279,138,Etah,1075,Shitalpur,279,38,6,55,80,96,96,77,14,1,69,23,13,27,93,43,47,100,25,62,79,9,57,93,9,65,15,18,48,26,84,62,2,54,16,9,48,97,25,41,90,53,62,2,39,63,79
280,139,Etawah,1078,Barhpura,280,5,42,31,77,13,75,53,94,48,84,63,90,54,20,95,87,100,31,72,92,58,63,90,15,64,80,22,88,9,38,19,55,56,82,49,87,76,18,54,32,34,24,87,38,86,23
281,139,Etawah,1079,Basrehar,281,4,82,40,61,25,70,10,50,98,55,6,55,56,87,39,74,94,19,57,35,29,77,26,33,87,8,71,38,15,78,2,18,62,2,37,54,16,70,87,86,25,3,92,31,70,34
282,139,Etawah,1080,Bharthana,282,74,22,62,92,33,54,94,69,31,71,5,49,77,40,14,54,35,71,61,77,39,6,86,37,73,25,45,79,64,53,26,36,70,89,31,96,17,1,51,1,67,69,32,96,63,2
283,139,Etawah,1081,Chakarnagar,283,87,38,85,19,29,64,68,15,65,73,2,38,90,70,34,97,21,38,89,56,58,70,33,61,70,4,44,44,24,64,85,34,93,32,80,43,15,65,88,95,34,12,35,3,66,17
284,139,Etawah,1082,Jaswantnagar,284,68,18,58,9,16,40,80,44,39,86,22,39,84,35,83,41,18,54,89,99,49,86,26,54,3,55,96,84,47,2,95,58,79,45,14,63,15,50,9,44,85,65,1,83,19,10
285,139,Etawah,1083,Mahewa,285,6,72,39,2,38,96,64,85,51,2,9,43,82,19,51,17,40,34,12,25,73,53,19,83,19,89,47,24,74,79,44,95,79,15,49,12,11,73,68,35,43,79,41,66,86,50
286,139,Etawah,1084,Sefai,286,19,2,79,15,50,50,86,64,47,95,45,73,80,1,64,3,11,48,73,18,69,19,70,24,87,63,26,4,40,22,31,23,63,29,73,9,34,70,78,44,65,28,1,63,12,33
287,139,Etawah,1085,Takha,287,15,81,2,69,28,64,27,92,60,98,15,66,2,80,73,72,34,71,95,31,66,29,3,66,87,57,6,57,97,62,25,89,28,20,30,96,40,43,91,30,62,98,50,99,94,14
288,141,Farrukhabad,1096,Barhpur,288,27,21,86,26,50,57,8,48,97,63,25,82,35,97,36,14,31,94,18,67,63,2,50,86,17,85,80,34,27,4,54,56,96,46,9,78,27,90,41,27,48,98,70,58,6,78
289,141,Farrukhabad,1097,Kaimganj,289,1,50,98,2,36,47,81,28,79,42,77,47,96,47,6,80,43,7,12,28,49,15,46,18,44,79,2,37,6,31,94,75,11,50,53,6,69,45,12,47,12,18,45,82,81,1
290,141,Farrukhabad,1098,Kamalganj,290,34,97,70,12,33,73,4,43,91,18,11,76,12,40,79,57,81,51,14,65,18,11,20,5,50,66,87,36,72,8,71,88,4,69,5,21,10,88,27,52,68,82,59,34,68,36
291,141,Farrukhabad,1099,Mohamdabad,291,68,16,56,95,41,3,26,84,62,11,62,89,5,56,96,21,10,91,28,56,72,36,12,1,52,89,44,37,58,21,62,82,31,26,75,26,89,14,7,59,95,51,25,33,10,40
292,141,Farrukhabad,1100,Nawabganj,292,18,72,13,90,53,89,35,24,59,51,59,21,16,73,76,27,89,5,95,59,98,37,49,14,95,72,20,59,28,17,51,92,33,49,88,37,77,60,23,72,88,42,49,3,54,17
293,141,Farrukhabad,1101,Rajepur,293,65,52,88,69,70,86,11,60,28,17,43,79,36,56,77,67,33,11,61,72,92,65,28,17,20,83,26,92,67,90,99,88,36,71,28,20,56,7,34,65,16,32,27,31,96,60
294,141,Farrukhabad,1102,Shamsabad,294,17,68,99,20,36,100,67,83,78,44,86,88,36,76,44,10,76,1,37,68,30,79,82,36,99,10,26,40,4,60,38,1,42,91,70,6,96,3,67,1,5,94,30,70,10,27
295,142,Fatehpur,1103,Airayan,295,41,80,72,52,92,14,7,58,11,51,38,1,79,73,94,43,15,4,69,59,44,61,97,39,75,80,20,82,97,33,15,41,5,71,13,76,50,16,31,81,58,79,69,87,1,48
296,142,Fatehpur,1104,Amauli,296,44,49,15,76,40,21,50,98,100,55,8,18,23,58,13,77,54,91,69,11,61,74,37,19,81,7,46,77,13,67,65,67,45,12,13,51,97,47,21,84,72,49,26,50,4,54
297,142,Fatehpur,1105,Asothar,297,35,75,41,19,82,97,60,77,14,69,58,21,66,15,16,30,98,34,22,10,52,14,81,29,8,12,79,90,27,35,84,37,59,78,3,43,94,83,91,84,78,12,39,20,9,57
298,142,Fatehpur,1106,Bahua,298,91,85,6,60,95,30,79,65,31,35,98,23,65,55,33,99,73,23,14,53,28,64,21,85,74,23,27,7,9,61,24,28,68,95,29,46,100,53,74,25,90,18,81,59,49,87
299,142,Fatehpur,1107,Bhitaura,299,29,61,39,75,63,30,66,97,36,75,25,6,69,81,44,38,93,79,77,93,71,21,25,61,89,43,59,93,20,1,67,6,45,9,25,89,40,3,25,82,3,19,70,1,52,26
300,142,Fatehpur,1108,Devmai,300,72,38,12,36,10,46,62,74,40,4,68,46,82,13,62,77,14,26,100,36,71,87,5,68,90,9,85,37,30,51,4,69,61,2,38,79,82,80,28,68,98,36,87,90,40,94
301,142,Fatehpur,1109,Dhata,301,84,51,43,6,83,46,88,39,33,45,8,61,78,3,16,94,6,96,20,23,75,7,55,44,99,65,86,77,6,84,34,8,1,26,42,67,9,30,34,65,85,35,69,96,44,80
302,142,Fatehpur,1110,Haswa,302,58,8,56,44,16,53,61,80,59,22,13,55,78,29,48,60,46,10,76,30,51,17,21,98,48,15,84,19,85,73,100,55,91,92,32,86,7,55,49,87,5,58,82,45,24,81
303,142,Fatehpur,1111,Hathgaon,303,94,10,52,14,13,16,84,23,71,60,91,56,92,22,62,62,39,54,17,68,83,13,48,85,92,46,67,18,80,90,53,30,84,49,84,63,48,25,64,52,6,42,99,16,50,16
304,142,Fatehpur,1112,Khajuha,304,87,99,38,77,23,85,6,26,42,91,42,31,85,35,24,86,15,96,32,61,10,38,54,81,32,68,86,17,38,1,98,64,13,34,55,63,27,14,44,22,32,51,63,13,90,76
305,142,Fatehpur,1113,Malwan,305,75,52,55,70,33,71,70,6,40,3,38,1,22,15,78,29,92,70,23,64,3,95,31,93,48,52,100,39,70,97,31,97,76,31,28,76,70,20,61,82,25,79,29,45,34,97
306,142,Fatehpur,1114,Telyani,306,17,32,68,49,12,66,91,40,64,100,51,61,69,58,79,41,58,14,63,37,94,45,10,52,2,65,15,26,47,96,51,68,16,51,28,84,96,47,27,5,54,78,60,10,76,12
307,142,Fatehpur,1115,Vijayipur,307,97,48,11,53,16,80,19,63,84,24,28,70,18,80,2,12,78,13,92,70,10,57,61,16,79,46,8,48,86,93,18,80,31,82,8,43,6,41,4,40,98,76,12,59,43,7
308,143,Firozabad,1116,Araon,308,49,15,54,32,81,47,13,37,100,84,18,81,54,75,98,48,73,9,71,93,77,41,77,28,8,86,99,34,79,15,97,77,85,9,60,66,87,54,3,72,38,59,5,69,9,30
309,143,Firozabad,1117,Eka,309,77,28,95,12,48,3,39,31,80,34,97,74,25,61,25,32,56,21,27,93,42,63,70,25,61,96,79,57,93,56,98,50,85,5,53,89,53,38,58,21,61,82,31,30,93,90
310,143,Firozabad,1118,Firozabad,310,15,64,74,99,62,87,95,60,96,2,38,23,77,70,18,54,9,89,24,90,34,50,63,11,41,92,58,79,60,15,64,84,49,15,68,83,87,23,1,17,84,92,28,53,89,37
311,143,Firozabad,1119,Hathwant,311,25,65,86,49,29,9,59,80,64,17,3,28,20,83,8,55,76,25,3,86,8,44,10,21,57,5,35,40,89,14,57,65,28,42,20,83,37,93,67,8,72,98,15,39,1,21
312,143,Firozabad,1120,Jasrana,312,11,50,19,8,43,8,99,77,16,64,80,31,73,85,1,40,5,59,10,73,24,54,5,41,4,76,41,75,2,36,30,52,82,99,62,98,30,40,5,71,38,1,52,9,85,6
313,143,Firozabad,1121,Madanpur,313,54,73,95,44,90,79,42,63,19,60,70,21,37,15,65,82,72,8,89,16,4,66,20,48,23,88,38,70,32,33,44,62,1,49,76,69,20,69,8,1,78,14,20,72,22,76
314,143,Firozabad,1122,Narkhi,314,17,57,95,41,65,28,70,72,35,56,10,17,80,14,41,49,86,48,55,5,83,87,88,24,88,45,19,56,95,21,24,45,41,19,82,6,46,63,14,79,65,68,49,85,24,13
315,143,Firozabad,1123,Shikohabad,315,47,88,89,24,5,32,96,62,63,79,15,66,7,85,51,72,26,43,82,19,31,52,4,80,81,95,73,99,76,10,47,15,82,30,79,26,42,63,31,20,84,47,62,78,3,70
316,143,Firozabad,1124,Tundla,316,27,90,41,94,46,95,73,25,27,65,20,60,50,97,64,95,44,43,97,1,63,2,28,18,74,28,49,51,90,54,44,68,31,86,75,26,36,5,99,34,88,23,32,68,30,49
317,144,Gautam Buddha Nagar,1125,Bisrakh,317,70,81,44,11,75,65,39,28,79,93,98,34,89,40,60,68,95,76,65,13,90,72,34,70,12,1,66,79,78,94,44,1,51,25,65,43,60,94,33,2,65,33,45,95,25,65
318,144,Gautam Buddha Nagar,1126,Dadri,318,80,88,37,52,15,4,4,9,43,59,13,4,77,18,67,11,27,52,5,69,36,84,11,73,81,30,80,30,8,44,71,90,15,69,8,9,59,100,66,15,77,59,62,25,38,79
319,144,Gautam Buddha Nagar,1128,Jewar,319,50,84,48,82,20,71,95,98,75,2,53,16,81,38,59,74,10,19,98,19,76,27,43,77,82,44,6,72,84,33,42,78,53,44,11,66,1,80,16,85,34,11,74,90,56,45
320,145,Ghaziabad,1129,Bhojpur,320,77,27,44,42,95,82,75,67,88,82,33,73,21,13,91,18,58,46,81,50,89,92,44,98,14,35,46,85,77,40,55,18,22,71,13,23,41,23,86,73,9,56,92,92,32,87
321,145,Ghaziabad,1133,Loni,321,82,4,34,12,37,58,15,66,56,95,23,85,90,83,78,81,62,88,51,26,66,21,57,61,90,25,75,27,17,53,87,23,48,89,93,55,67,33,36,54,20,41,57,49,88,64
322,145,Ghaziabad,1134,Muradnagar,322,59,11,77,64,50,28,94,42,83,37,53,89,5,43,60,14,38,1,79,73,22,96,59,4,25,86,26,96,32,49,64,87,65,57,33,68,86,27,38,1,94,71,13,35,28,92
323,145,Ghaziabad,1135,Rajapur,323,95,97,56,30,67,44,98,62,98,2,40,3,10,59,98,34,45,71,6,72,76,30,66,91,51,30,96,70,33,52,3,19,31,98,48,25,67,3,80,70,63,98,61,42,91,41
324,146,Ghazipur,1137,Bhadaura,324,77,67,65,4,40,14,63,38,69,19,82,70,100,63,14,7,56,5,36,68,16,26,46,58,94,42,34,77,27,51,67,45,8,77,2,65,19,35,47,96,52,40,94,19,4,21
325,146,Ghazipur,1138,Bhanwarkol,325,91,30,83,10,45,11,74,80,21,22,62,13,79,28,81,20,84,1,13,53,4,6,87,80,97,16,78,13,2,74,10,58,25,79,42,78,12,48,87,6,18,80,32,73,87,9
326,146,Ghazipur,1139,Devkali,326,96,76,97,46,54,81,44,65,84,40,76,3,20,98,47,24,78,88,69,58,83,46,58,48,60,28,78,9,72,96,86,42,81,29,18,72,100,49,50,82,60,96,2,74,25,41
327,146,Ghazipur,1140,Ghazipur,327,100,61,26,43,68,31,35,75,41,36,52,97,60,94,76,31,68,30,35,85,63,87,25,61,26,45,57,20,35,57,6,27,93,25,62,86,89,43,93,59,8,48,54,89,82,18
328,146,Ghazipur,1141,Jakhania,328,85,52,91,29,10,90,24,65,16,59,95,46,49,64,31,52,68,25,64,27,66,90,41,90,19,58,10,99,56,91,26,50,64,12,61,59,22,43,6,100,64,50,27,80,32,74
329,146,Ghazipur,1142,Karanda,329,30,92,43,59,74,98,78,61,9,45,9,93,29,77,16,75,24,45,39,80,3,42,21,84,12,75,40,89,70,6,24,48,11,28,57,8,44,40,79,14,77,79,60,70,5,51
330,146,Ghazipur,1143,Kasimabad,330,72,93,99,13,77,40,42,8,59,28,80,16,78,73,40,74,84,9,45,93,100,35,72,10,5,41,5,68,11,73,24,90,84,5,67,96,39,76,15,37,96,36,57,50,28,67
331,146,Ghazipur,1144,Manihari,331,38,90,39,64,71,6,84,23,76,39,93,56,60,9,49,44,7,32,94,60,73,21,57,64,18,68,72,12,90,26,4,70,21,58,41,89,39,89,99,95,82,17,66,29,50,34
332,146,Ghazipur,1145,Mardah,332,53,89,6,87,23,85,28,78,55,91,86,22,60,27,92,57,93,55,35,56,23,18,80,15,54,35,86,52,73,68,46,60,88,24,90,55,34,60,96,96,89,14,77,20,14,50
333,146,Ghazipur,1146,Mohammadabad,333,88,83,46,70,100,18,57,20,21,84,13,62,54,93,71,7,91,26,21,90,82,30,79,89,51,72,35,19,82,19,44,51,4,53,95,59,21,76,42,76,12,93,47,95,34,98
334,146,Ghazipur,1147,Revatipur,334,84,32,46,67,17,38,4,1,38,77,2,18,69,36,11,61,42,35,42,63,29,61,50,1,37,5,8,7,69,86,67,3,37,22,73,37,49,69,41,91,23,97,59,24,44,92
335,146,Ghazipur,1148,Sadat,335,71,13,32,66,3,61,74,22,72,70,35,71,9,76,40,3,18,92,43,83,13,34,97,51,60,68,8,76,65,28,53,93,98,37,85,1,66,55,43,59,98,76,16,90,31,81
336,146,Ghazipur,1149,Saidpur,336,53,2,68,9,100,24,87,42,31,82,18,36,90,41,80,70,8,18,44,63,13,76,3,82,31,82,29,52,15,70,36,99,20,77,81,30,56,5,36,72,38,55,65,47,74,74
337,146,Ghazipur,1150,Varachakwar,337,79,71,23,86,22,94,96,18,80,99,16,50,89,42,47,45,95,98,76,15,53,17,83,47,74,75,14,92,6,84,49,27,43,82,91,45,75,37,58,99,7,43,6,21,39,3
338,146,Ghazipur,1151,Virno,338,19,86,63,99,27,46,82,62,54,2,51,93,12,7,70,58,75,38,59,18,97,46,24,14,77,27,58,46,82,63,90,91,4,61,24,36,87,50,42,9,29,83,87,53,2,89
339,146,Ghazipur,1152,Zamania,339,99,65,77,79,57,70,24,100,66,22,58,36,72,77,37,62,25,51,59,95,30,84,93,56,42,8,11,62,52,29,66,31,61,62,98,83,30,7,55,85,62,52,86,54,58,21
340,147,Gonda,1153,Babhanjot,340,2,41,59,96,47,64,14,64,21,69,34,79,42,30,23,95,5,21,45,22,53,89,14,41,59,27,39,2,68,46,86,7,26,77,90,42,91,54,96,17,38,53,33,23,71,97
341,147,Gonda,1154,Belsar,341,21,34,73,9,43,79,4,67,49,11,75,79,29,30,70,45,8,62,2,18,13,70,21,23,71,38,43,79,38,73,62,39,69,92,17,71,24,45,61,75,67,83,9,63,14,7
342,147,Gonda,1155,Chhapia,342,82,72,78,41,56,6,11,50,89,24,42,8,67,14,7,85,64,38,78,20,83,75,10,63,14,8,29,69,50,39,2,30,46,33,59,11,100,52,82,16,32,68,40,76,38,33
343,147,Gonda,1156,Colonelganj,343,52,26,88,29,57,75,24,90,94,43,60,96,69,20,77,11,74,56,82,32,35,17,80,43,94,21,85,1,26,53,4,23,95,7,72,54,44,78,71,49,75,38,90,39,7,47
344,147,Gonda,1157,Haldharmau,344,27,96,19,97,60,86,64,57,58,21,75,49,97,47,40,91,44,69,85,49,76,1,92,46,1,50,51,92,70,58,93,50,23,13,52,91,41,47,4,25,62,69,46,9,83,49
345,147,Gonda,1158,Itiathok,345,34,69,58,67,2,18,17,57,35,24,75,62,26,20,32,94,30,65,41,36,56,7,60,94,87,17,68,34,8,48,26,88,63,26,93,10,46,85,98,29,71,96,59,63,94,30
346,147,Gonda,1159,Jhanjhari,346,23,65,28,52,42,98,37,99,74,64,76,52,1,31,10,99,25,65,1,32,62,10,59,41,31,52,68,7,65,27,79,55,6,55,60,86,23,78,94,56,91,26,36,77,16,34
347,147,Gonda,1160,Katra Bazar,347,64,12,79,49,99,20,39,81,44,15,2,56,7,73,47,98,79,70,24,45,11,3,30,81,17,48,88,12,49,38,69,7,95,49,77,40,14,71,20,71,65,77,39,3,96,72
348,147,Gonda,1161,Mankapur,348,77,55,12,46,82,13,82,4,7,9,72,8,9,13,78,41,18,71,23,72,95,16,79,86,40,74,88,18,45,31,55,57,100,40,89,6,71,37,85,38,78,55,58,70,36,61
349,147,Gonda,1162,Mujehana,349,32,82,48,52,5,4,66,84,69,22,58,76,30,79,80,7,88,24,86,43,93,56,45,89,13,64,11,32,95,35,39,1,23,42,83,33,81,40,18,54,20,35,71,27,15,54
350,147,Gonda,1163,Nawabganj,350,61,24,29,66,2,36,76,97,17,99,53,87,29,35,87,49,48,78,56,95,96,23,63,27,16,55,96,74,64,89,51,2,46,85,19,10,55,17,38,41,15,25,88,56,19,83
351,147,Gonda,1164,Pandri Kripal,351,61,68,46,82,60,26,62,97,91,39,89,92,49,71,8,93,57,20,41,51,76,26,77,93,56,7,100,26,84,67,47,96,45,73,80,16,67,3,48,88,9,25,67,35,84,24
352,147,Gonda,1165,Paraspur,352,78,44,19,59,39,78,17,38,4,68,48,96,9,87,17,41,4,94,42,78,12,19,73,36,57,41,90,64,27,32,95,33,18,66,2,65,63,87,35,74,95,32,66,32,38,1
353,147,Gonda,1166,Rupaideeh,353,91,74,39,1,100,43,52,3,14,35,71,26,33,67,3,84,38,1,25,75,33,71,22,77,41,7,28,57,93,48,98,63,29,80,42,24,73,36,31,97,18,67,66,2,50,86
354,147,Gonda,1167,Tarabganj,354,100,40,62,42,23,17,51,58,86,49,68,19,68,19,3,25,87,51,35,98,18,59,54,3,53,73,74,83,49,28,64,41,81,47,96,50,13,78,43,82,2,65,89,52,47,96
355,147,Gonda,1168,Wazirganj,355,64,8,58,21,45,96,48,88,35,15,79,46,82,50,89,67,97,18,84,9,16,55,90,52,47,10,31,73,8,44,6,85,48,13,48,44,80,58,71,49,12,50,22,11,20,86
356,148,Gorakhpur,1169,Bansgaon,356,85,8,71,11,50,13,34,81,32,81,29,86,49,100,66,45,82,38,65,65,15,69,13,23,74,32,40,3,28,91,62,28,77,89,5,59,96,11,50,28,64,71,70,19,90,59
357,148,Gorakhpur,1170,Barhalganj,357,7,85,52,77,99,26,57,96,30,58,66,29,49,80,46,71,33,2,65,31,58,37,72,35,3,5,53,89,25,61,95,62,56,21,35,74,76,27,93,5,95,49,99,42,63,7
358,148,Gorakhpur,1171,Belghat,358,40,2,38,77,93,56,91,97,28,64,15,42,59,100,21,74,63,44,93,69,36,87,42,30,92,54,70,90,11,60,28,21,43,79,26,90,28,67,34,11,60,76,92,42,83,87
359,148,Gorakhpur,7480,Bharohiya,359,3,54,65,43,6,44,74,90,11,74,11,35,83,13,43,79,14,71,34,12,51,90,92,66,6,10,73,12,67,83,82,44,86,88,40,75,29,11,74,38,27,8,44,57,27,91
360,148,Gorakhpur,1172,Bhathat,360,46,48,41,96,36,11,76,27,81,48,82,45,87,8,29,6,15,50,13,25,44,8,41,83,72,50,99,15,7,43,52,40,75,38,83,73,94,60,100,4,67,66,21,16,56,31
361,148,Gorakhpur,1173,Brahmpur,361,10,93,52,86,75,53,20,95,44,98,52,41,89,28,57,74,100,54,5,7,47,96,35,89,51,77,43,21,57,11,88,40,8,22,23,58,50,70,91,27,58,88,15,37,94,74
362,148,Gorakhpur,1174,Campierganj,362,21,19,38,89,52,66,59,24,51,2,91,54,9,12,60,96,68,57,66,25,75,14,50,92,41,20,86,34,50,15,54,81,56,22,66,15,16,29,98,34,53,88,28,37,73,21
363,148,Gorakhpur,1175,Chargawan,363,99,14,39,29,93,73,23,35,53,7,35,69,62,24,66,29,81,30,35,28,76,34,91,85,21,60,99,30,79,69,31,35,98,65,52,89,44,99,74,23,95,8,98,23,76,40
364,148,Gorakhpur,1176,Gagaha,364,1,28,83,72,6,63,99,30,44,19,22,75,32,53,43,82,37,100,74,40,5,28,32,68,59,65,31,31,67,100,36,75,25,6,69,96,47,36,100,91,44,85,27,92,95,16
365,148,Gorakhpur,1177,Gola,365,18,37,59,99,76,69,6,17,84,1,37,76,15,20,99,24,40,76,44,80,68,30,75,38,13,53,93,44,62,14,77,68,7,46,82,98,52,93,15,7,62,89,23,45,98,60
366,148,Gorakhpur,1178,Jangal Kaudia,366,81,21,76,41,93,83,34,36,3,15,77,59,22,47,83,17,53,83,7,32,38,73,78,88,43,9,83,46,73,54,31,45,11,62,78,39,53,69,20,54,75,78,33,60,8,97
367,148,Gorakhpur,1179,Kauri Ram,367,38,78,52,88,61,96,86,40,94,31,20,99,48,52,15,4,67,84,46,100,23,17,58,8,55,48,53,89,83,17,44,21,14,62,78,32,49,61,23,40,32,22,46,62,13,53
368,148,Gorakhpur,1180,Khajni,368,24,17,95,58,36,85,54,67,68,97,61,28,17,30,69,47,49,98,86,65,27,58,92,10,52,18,13,15,87,23,86,60,28,93,81,33,60,39,83,9,72,7,42,69,3,43
369,148,Gorakhpur,1181,Khorabar,369,24,45,8,11,56,92,13,33,11,60,62,75,31,82,1,27,62,63,29,68,17,72,88,51,76,65,23,85,10,26,41,8,57,31,85,39,2,63,8,86,77,30,55,79,9,39
370,148,Gorakhpur,1182,Pali,370,45,78,18,16,79,68,37,76,10,100,46,8,29,32,26,78,91,7,69,33,23,65,75,37,45,85,33,69,77,43,77,97,39,1,37,16,56,84,50,25,78,6,56,1,22,89
371,148,Gorakhpur,1183,Pipraich,371,40,39,75,56,75,38,73,39,8,44,95,84,39,2,100,16,66,47,98,100,40,91,7,32,72,34,12,70,91,40,71,1,51,61,8,72,85,86,17,68,18,96,49,100,62,29
372,148,Gorakhpur,1184,Piprauli,372,41,92,8,23,85,50,17,72,93,56,91,40,63,55,23,82,16,35,36,14,54,47,97,48,14,90,53,92,9,63,84,24,28,68,20,58,42,71,33,67,84,65,1,76,7,71
373,148,Gorakhpur,1185,Sahjanawa,373,56,85,21,2,79,90,56,7,23,64,64,27,22,88,9,81,17,53,15,90,46,11,47,26,54,32,82,50,12,23,4,20,55,18,25,30,51,17,13,64,27,51,32,96,36,83
374,148,Gorakhpur,1186,Sardarnagar,374,50,1,41,19,55,33,72,1,24,78,94,21,69,10,15,78,2,65,60,10,75,71,14,68,31,19,46,3,39,46,70,19,97,55,2,16,80,27,48,11,78,48,97,19,29,79
375,148,Gorakhpur,1187,Uruwa,375,59,61,20,71,34,99,39,4,40,35,71,34,98,14,62,98,25,61,96,36,31,94,30,81,74,99,65,86,30,94,36,17,38,4,32,26,74,13,64,45,11,45,81,39,55,3
376,149,Hamirpur,1188,Gohand,376,32,94,19,82,72,56,5,70,33,87,50,3,42,27,78,84,9,33,10,32,80,16,24,65,1,49,32,9,59,80,64,15,78,77,12,75,3,10,31,80,61,41,78,3,65,74
377,149,Hamirpur,1189,Kurara,377,81,17,16,52,86,52,33,10,48,55,4,54,43,8,71,84,49,56,76,43,94,61,14,50,94,45,11,45,100,80,16,64,57,89,26,62,60,95,60,4,2,65,16,26,75,96
378,149,Hamirpur,1190,Maudaha,378,51,17,39,88,9,49,12,6,17,81,17,58,73,25,74,79,42,78,55,13,48,10,64,71,92,44,75,79,42,66,10,74,65,13,93,55,9,59,25,66,44,71,59,25,76,93
379,149,Hamirpur,1191,Muskara,379,64,3,58,74,95,36,67,16,83,4,10,61,24,58,40,22,58,11,63,12,90,6,58,94,32,42,63,26,55,89,13,34,68,72,35,69,63,26,77,43,8,58,37,42,43,79
380,149,Hamirpur,1192,Rath,380,27,11,60,70,43,32,66,29,74,64,22,74,4,54,17,42,23,89,29,82,56,19,47,88,88,28,6,22,62,97,33,34,73,22,61,43,6,27,80,73,37,74,79,42,93,35
381,149,Hamirpur,1193,Sarila,381,57,97,48,91,16,67,36,3,51,86,64,83,19,67,71,2,51,72,20,70,9,40,27,90,41,98,46,95,77,3,97,18,84,3,41,92,19,50,99,98,52,40,21,58,83,76
382,149,Hamirpur,1194,Sumerpur,382,13,25,41,91,45,98,47,13,93,18,66,6,33,37,4,38,65,96,9,57,97,5,67,33,12,48,12,65,43,6,34,65,68,88,51,97,13,23,90,21,57,19,35,12,89,28
383,661,Hapur,1130,Dhaulana,383,80,57,7,19,12,48,26,56,43,29,57,13,87,37,30,34,71,96,49,66,3,54,80,70,25,74,15,4,85,100,88,54,5,58,48,73,22,64,83,4,60,24,91,54,2,22
384,661,Hapur,1131,Garh Mukteshwar,384,22,47,58,92,27,18,6,45,19,46,50,86,50,4,58,21,48,29,31,52,43,24,87,21,51,67,18,59,70,52,30,61,8,71,38,30,18,67,6,74,51,75,38,82,98,37
385,661,Hapur,1132,Hapur,385,20,25,88,5,67,85,99,75,96,12,66,43,18,57,35,61,49,17,44,96,89,36,77,28,47,42,33,25,66,29,41,35,88,28,79,68,31,73,13,1,37,45,34,82,96,51
386,661,Hapur,1136,Simbhawali,386,89,37,1,35,58,79,38,65,28,68,92,83,34,90,11,14,92,32,48,70,29,93,82,8,34,12,15,39,70,6,14,50,12,28,82,38,33,53,2,44,7,84,21,76,15,16
387,150,Hardoi,1195,Ahirori,387,30,80,74,8,35,13,27,75,52,36,99,26,74,66,30,58,82,98,49,89,55,4,67,50,66,1,28,86,49,12,27,77,8,44,60,96,13,79,30,46,60,28,77,52,18,59
388,150,Hardoi,1196,Bawan,388,94,43,100,51,67,88,67,6,95,46,73,36,55,96,44,34,14,41,76,69,20,74,10,14,63,5,25,99,90,54,46,9,95,61,65,15,53,92,97,34,91,27,16,22,61,36
389,150,Hardoi,1197,Behendar,389,21,76,1,17,80,58,61,82,35,89,5,14,44,7,11,67,91,40,46,12,60,49,13,70,81,82,98,67,16,93,24,75,38,30,92,55,36,99,11,60,94,30,84,83,100,56
390,150,Hardoi,1198,Bharawan,390,61,50,31,32,68,10,37,15,50,29,6,57,76,97,51,100,82,45,58,25,29,69,94,30,46,2,68,56,66,38,74,75,17,71,34,98,39,75,40,55,7,45,49,14,55,76
391,150,Hardoi,1199,Bharkhani,391,29,97,18,21,21,51,14,64,21,86,21,22,53,31,54,31,22,58,88,28,27,92,100,53,74,1,95,36,99,23,40,31,67,46,82,37,92,94,33,46,24,13,38,4,56,68
392,150,Hardoi,1200,Bilgram,392,43,83,100,76,97,64,42,18,85,59,15,66,6,93,20,2,37,53,42,92,70,59,38,74,45,2,23,86,75,47,96,91,10,52,15,49,42,6,59,78,91,40,17,84,23,81
393,150,Hardoi,1201,Hariyawan,393,63,93,40,99,7,34,68,31,39,92,2,54,56,36,99,77,5,69,8,24,36,99,53,7,46,85,63,82,16,57,46,14,54,1,4,23,86,7,23,53,17,82,61,24,98,100
394,150,Hardoi,1202,Harpalpur,394,37,3,52,96,21,70,1,27,53,89,6,63,99,47,14,82,33,54,2,52,15,82,7,47,98,18,29,53,34,23,79,100,66,85,21,72,61,30,79,4,94,20,1,60,40,3
395,150,Hardoi,1203,Kachauna,395,93,67,43,93,47,56,51,18,68,98,46,86,75,17,83,18,7,76,15,39,32,87,27,63,91,5,69,85,100,63,14,7,48,71,33,32,95,29,42,1,37,99,77,40,91,31
396,150,Hardoi,1204,Kothawan,396,60,60,9,83,14,50,28,21,48,11,62,46,67,16,83,14,77,75,91,46,82,34,93,30,84,34,25,62,43,78,68,34,85,1,28,79,4,99,66,87,49,58,94,56,77,24
397,150,Hardoi,1205,Madhoganj,397,24,59,13,94,30,93,8,47,25,88,30,68,33,40,64,1,37,62,11,32,95,81,44,79,71,27,78,41,83,32,10,50,41,77,18,82,98,46,86,9,33,57,43,37,100,40
398,150,Hardoi,1206,Mallawan,398,78,29,92,16,23,88,24,63,29,92,46,95,24,37,17,97,31,97,33,29,46,94,43,38,4,25,62,82,49,11,77,42,67,17,12,48,11,62,46,80,17,20,39,87,36,9
399,150,Hardoi,1207,Pihani,399,92,40,58,39,89,84,94,45,8,57,25,63,13,79,44,94,72,68,31,52,95,3,40,87,1,22,72,96,59,39,94,32,47,10,64,27,67,33,82,33,62,86,49,88,71,21
400,150,Hardoi,1208,Sandi,400,41,36,85,10,46,70,9,58,88,16,79,15,7,46,10,73,15,78,29,56,68,89,26,61,24,58,94,19,29,92,16,10,88,24,68,31,95,61,63,26,84,39,33,54,20,71
401,150,Hardoi,1209,Sandila,401,22,45,12,7,70,90,56,39,77,28,55,71,35,75,78,13,94,30,9,49,77,40,20,73,23,65,58,79,42,87,26,89,10,94,45,95,42,28,5,38,95,83,19,96,16,38
402,150,Hardoi,1210,Shahabad,402,25,79,56,19,55,91,41,61,24,22,85,22,26,42,93,56,71,74,3,42,71,7,71,37,91,39,80,49,52,72,39,55,71,10,44,88,38,79,100,16,99,35,89,40,3,67
403,150,Hardoi,1211,Sursa,403,18,54,36,62,24,90,26,94,84,35,59,90,56,77,33,35,64,4,16,35,86,36,74,41,4,54,1,36,72,20,9,57,6,51,67,77,28,55,95,58,82,100,51,19,59,34
404,150,Hardoi,1212,Tandiyawan,404,32,95,74,25,3,33,49,70,10,66,54,2,42,10,87,11,74,70,48,88,13,3,57,20,32,34,100,25,79,56,19,84,2,28,64,17,25,97,45,71,79,16,50,7,11,74
405,150,Hardoi,1213,Todarpur,405,46,39,3,65,77,97,24,1,20,41,4,45,39,73,9,81,48,10,45,49,82,18,97,86,50,91,3,19,54,36,76,24,90,41,95,84,24,37,15,81,2,42,73,12,34,61
406,163,Hathras,1337,Hasayan,406,65,4,43,32,87,23,48,64,18,74,10,89,38,16,32,57,97,26,19,82,2,56,64,89,28,67,98,34,96,90,26,3,33,34,83,34,88,62,27,58,22,38,36,27,31,80
407,163,Hathras,1338,Hathras,407,41,8,85,48,100,3,80,16,59,22,86,52,81,82,18,42,91,65,31,9,25,39,74,27,31,97,11,61,69,5,58,79,99,63,1,5,64,41,81,59,96,25,6,95,29,83
408,163,Hathras,1339,Mursan,408,49,72,25,75,83,45,57,97,1,50,26,19,81,6,41,30,66,35,74,49,99,44,6,96,44,11,2,65,89,45,49,99,30,50,66,43,97,31,98,76,39,55,79,29,99,66
409,163,Hathras,1340,Sadabad,409,34,39,42,63,22,32,64,3,28,91,95,35,47,96,93,44,34,86,51,6,42,46,82,36,64,67,14,41,22,11,20,14,20,83,32,83,60,11,68,89,5,69,99,36,10,76
410,163,Hathras,1341,Sasni,410,4,92,28,74,10,26,60,29,60,70,12,48,66,6,21,84,47,28,68,89,5,89,26,14,53,7,57,74,72,12,90,83,30,57,44,39,3,51,43,21,61,60,76,26,80,20
411,163,Hathras,1342,Sehpau,411,93,9,72,49,12,67,3,97,18,71,28,30,6,19,27,64,89,55,44,22,26,74,76,27,86,7,98,64,28,44,66,22,73,73,24,50,13,17,76,85,21,55,19,66,69,98
412,163,Hathras,1343,Sikandrarao,412,74,22,11,19,69,17,83,25,88,90,14,68,71,92,4,53,31,23,88,9,28,92,19,67,34,12,52,78,94,21,99,12,100,13,67,83,4,35,84,88,51,68,31,23,53,1
413,151,Jalaun,1214,Dakore,413,74,25,67,18,82,50,89,37,40,18,58,25,73,3,67,83,75,38,89,91,48,69,32,13,3,38,27,8,35,72,52,92,92,28,32,33,98,64,38,28,64,72,22,34,2,6
414,151,Jalaun,1215,Jalaun,414,2,51,45,96,49,72,92,47,57,8,98,29,93,32,7,70,52,41,75,31,85,76,2,53,3,7,60,59,22,39,6,91,66,99,50,99,100,30,8,44,37,62,99,76,68,44
415,151,Jalaun,1216,Kadaura,415,5,21,36,99,35,52,20,41,59,4,45,79,46,100,50,13,90,31,8,22,23,87,53,72,99,21,60,91,31,52,18,19,73,12,47,63,43,9,58,98,79,15,31,42,83,47
416,151,Jalaun,1217,Konch,416,98,34,15,5,4,70,6,37,63,15,42,49,16,37,53,93,47,84,58,15,66,15,16,21,84,36,83,18,54,62,11,59,8,16,70,6,31,20,75,40,64,8,33,99,2,14
417,151,Jalaun,1218,Kuthaund,417,14,77,56,5,83,75,29,50,99,85,12,60,99,30,72,71,34,50,28,67,55,83,37,100,74,14,80,31,14,38,24,88,5,56,66,82,27,77,24,13,60,95,32,42,93,56
418,151,Jalaun,1219,Madhogarh,418,88,18,83,47,13,79,29,53,78,99,61,65,22,31,67,1,28,93,27,85,62,98,50,66,30,93,45,98,34,38,41,54,95,46,53,87,26,89,95,61,82,84,53,92,40,96
419,151,Jalaun,1220,Maheva,419,45,84,85,11,89,3,83,46,78,41,21,46,96,46,90,14,77,68,99,61,85,91,46,95,17,100,78,14,48,18,28,5,98,37,88,39,24,45,7,47,55,17,38,79,11,60
420,151,Jalaun,1221,Nadigaon,420,30,40,91,28,53,82,60,74,78,81,46,12,92,39,76,57,24,45,11,62,5,55,53,62,13,79,100,94,72,7,70,35,1,65,1,8,44,23,17,41,4,14,39,75,9,72
421,151,Jalaun,1222,Rampura,421,53,52,14,8,62,25,46,8,58,8,56,76,41,92,76,10,46,24,8,55,79,33,40,75,24,63,84,69,94,100,51,1,67,6,69,23,86,64,100,56,74,37,62,11,32,46
422,152,Jaunpur,1223,Badla Pur,422,16,75,24,45,11,65,21,60,94,1,52,18,13,7,73,26,70,91,31,95,75,26,62,25,97,46,94,53,78,16,50,72,22,85,21,16,65,91,57,22,84,49,88,71,92,59
423,152,Jaunpur,1224,Baksha,423,37,72,8,78,45,86,20,40,17,54,79,59,23,86,10,17,27,8,50,25,88,41,59,94,33,96,13,76,100,24,46,85,35,61,79,19,55,84,23,1,50,93,55,6,69,53
424,152,Jaunpur,1225,Barasathi,424,73,24,5,29,92,34,16,82,77,31,38,88,36,52,7,43,78,88,24,2,37,9,59,9,66,40,26,39,84,47,68,34,29,52,4,32,48,100,65,91,54,35,71,99,49,3
425,152,Jaunpur,1226,Dharma Pur,425,54,55,90,71,79,100,40,91,98,50,74,28,6,72,93,33,64,3,66,42,8,72,8,100,42,16,56,34,96,33,1,68,2,65,100,62,84,33,19,70,33,48,64,29,42,80
426,152,Jaunpur,1227,Dobhi,426,56,7,47,52,39,17,47,48,97,48,69,5,55,85,3,66,86,17,22,71,37,49,65,93,78,94,30,13,40,30,54,3,72,61,12,48,78,97,18,81,97,80,4,16,35,73
427,152,Jaunpur,1228,Jalal Pur,427,54,87,27,55,9,83,49,14,40,19,55,18,72,65,13,53,87,23,57,11,18,55,91,33,58,9,72,87,77,42,10,27,48,10,29,32,80,19,88,77,17,51,78,9,38,13
428,152,Jaunpur,1229,Karanja Kala,428,38,1,25,56,48,12,6,54,17,71,25,12,48,89,30,46,70,20,90,57,5,69,86,74,11,49,16,94,43,54,74,25,62,94,82,45,23,42,38,87,58,48,11,31,76,68
429,152,Jaunpur,1230,Kerakat,429,87,14,26,62,96,27,17,96,23,74,77,2,96,70,32,82,27,17,38,4,46,50,98,51,88,92,58,20,9,87,1,39,41,96,59,85,66,2,57,20,97,60,39,19,69,90
430,152,Jaunpur,1231,Khuthan,430,93,87,12,62,93,33,96,7,10,65,94,42,35,12,52,73,67,3,8,100,35,97,39,55,78,19,85,89,26,41,4,21,57,36,99,62,16,56,57,95,67,78,65,18,60,23
431,152,Jaunpur,1232,Machchali Shahar,431,96,78,42,58,79,36,87,63,30,78,94,45,11,39,2,83,10,72,60,100,42,100,5,41,33,49,47,3,39,73,23,34,97,79,41,67,6,22,73,40,15,64,22,62,63,73
432,152,Jaunpur,1233,Maharaj Ganj,432,2,95,44,71,49,15,50,4,58,74,10,35,75,79,42,94,12,76,81,44,18,3,48,97,72,12,80,16,4,70,36,41,80,19,68,72,38,24,87,80,44,85,6,99,50,29
433,152,Jaunpur,1234,Mariyahu,433,41,7,48,11,63,42,20,9,60,87,26,45,80,19,55,90,13,25,91,97,10,60,11,74,16,82,56,5,74,87,3,24,81,47,37,90,26,56,6,21,84,34,16,42,76,92
434,152,Jaunpur,1235,Mufti Ganj,434,11,35,25,75,19,82,57,19,41,90,91,58,21,25,65,90,26,57,96,35,7,89,44,80,28,21,12,49,27,89,31,81,100,95,49,3,21,46,82,63,14,4,29,31,9,36
435,152,Jaunpur,1236,Mungra Badshah Pur,435,74,5,82,3,22,58,1,40,27,90,32,100,49,89,55,6,22,70,36,50,87,29,64,80,45,51,99,88,60,96,30,24,2,65,54,5,45,96,90,4,54,18,11,64,59,26
436,152,Jaunpur,1237,Ram Nagar,436,97,31,67,98,2,65,100,92,97,33,12,48,3,66,45,99,35,90,15,27,90,44,60,96,35,51,2,56,82,59,28,67,15,4,59,25,35,36,3,68,70,92,25,76,92,22
437,152,Jaunpur,1238,Ram Pur,437,30,35,72,89,52,69,96,62,83,73,18,67,15,4,13,23,11,70,28,6,95,11,61,12,31,43,6,55,36,27,48,69,11,60,86,75,29,79,33,20,21,2,38,39,16,72
438,152,Jaunpur,1239,Shah Ganj,438,73,12,48,29,32,80,45,27,80,29,54,70,12,52,73,75,44,6,69,17,13,77,66,5,44,22,99,13,76,12,43,73,82,45,82,44,66,68,87,38,100,78,31,96,32,10
439,152,Jaunpur,1240,Sikrara,439,13,64,67,9,45,96,89,28,77,30,77,87,35,27,83,45,66,82,24,73,39,14,67,20,60,76,11,93,82,36,34,83,14,41,92,28,20,66,87,50,67,48,97,46,2,53
440,152,Jaunpur,1241,Sirkoni,440,14,44,7,35,51,63,29,93,82,98,35,97,8,47,95,31,89,25,60,76,21,84,93,98,38,89,54,22,59,23,63,7,28,90,72,12,60,86,17,44,81,21,1,79,18,66
441,152,Jaunpur,1242,Suitha Kala,441,23,60,85,92,27,92,58,34,96,51,67,92,28,94,72,51,75,24,46,82,7,43,88,54,90,91,96,73,23,90,56,7,70,27,62,25,62,9,31,54,88,15,78,1,11,50
442,152,Jaunpur,1243,Sujan Ganj,442,44,34,6,44,78,63,99,76,12,8,57,7,48,50,12,84,92,45,42,9,4,53,1,40,21,72,38,73,89,67,6,81,24,78,41,8,56,69,34,40,65,28,78,99,49,70
443,153,Jhansi,1244,Babina,443,4,67,91,40,73,13,77,42,92,73,83,75,14,92,64,29,69,5,82,3,37,2,75,37,58,8,18,69,31,30,37,1,37,88,5,31,85,79,27,63,44,98,32,98,49,56
444,153,Jhansi,1245,Badagaon,444,53,3,75,38,59,25,20,69,10,13,76,27,93,72,4,86,21,28,63,2,79,33,85,21,68,31,55,92,72,53,2,23,30,59,8,43,27,89,42,63,84,33,11,95,43,78
445,153,Jhansi,1246,Bamaur,445,37,77,24,60,82,21,30,93,91,53,89,24,10,84,47,52,14,79,15,99,20,83,37,30,78,92,69,51,86,52,69,20,60,8,88,39,6,26,7,47,11,67,41,7,32,62
446,153,Jhansi,1247,Bangra,446,21,89,31,47,45,94,53,89,40,76,59,25,83,31,11,94,43,30,49,99,62,93,17,54,5,15,36,85,63,20,85,6,63,68,4,52,46,24,73,97,4,40,95,31,12,75
447,153,Jhansi,1248,Chirgaon,447,100,68,5,54,1,17,39,1,46,23,71,10,76,27,77,2,82,60,1,39,42,71,33,60,61,1,64,82,7,69,20,14,67,90,18,26,88,23,50,84,94,56,62,11,89,25
448,153,Jhansi,1249,Gursarai,448,7,84,34,36,2,38,15,75,9,72,14,56,77,100,57,61,24,45,92,30,66,10,100,63,27,57,32,68,49,76,64,26,42,85,21,73,15,19,59,80,34,51,91,53,65,59
449,153,Jhansi,1250,Mauranipur,449,86,11,100,78,17,45,33,72,50,66,16,52,8,24,48,10,37,46,95,16,70,77,40,74,70,33,84,38,15,65,17,34,35,71,35,92,55,4,43,3,53,74,31,9,72,11
450,153,Jhansi,1251,Moth,450,66,17,79,69,85,49,85,42,16,53,29,70,71,9,17,81,15,81,8,39,75,26,41,45,11,32,85,90,18,9,83,36,87,28,6,42,5,47,66,100,36,82,73,22,98,6
451,155,Kannauj,1258,Chhibramau,451,79,1,30,64,14,62,78,7,69,32,9,72,23,77,28,78,48,88,4,25,92,10,46,94,24,55,78,2,56,46,13,43,77,68,21,12,86,36,1,17,34,58,20,76,65,92
452,155,Kannauj,1259,Gughrapur,452,93,97,46,98,25,32,71,10,59,86,52,15,90,30,94,48,22,88,13,55,75,96,49,100,94,28,91,26,62,12,37,4,82,10,61,51,15,46,67,83,19,27,30,25,91,33
453,155,Kannauj,1260,Haseran,453,47,96,86,68,31,52,9,26,87,26,39,55,19,50,97,86,41,5,93,55,10,63,29,80,20,71,87,11,65,91,83,46,95,10,65,88,29,22,100,26,60,54,90,59,98,99
454,155,Kannauj,1261,Jalalabad,454,3,66,18,81,7,72,91,12,99,7,69,96,32,52,77,30,55,58,35,62,13,76,40,34,23,73,100,56,46,66,23,74,90,3,29,92,95,62,10,89,70,97,60,34,100,55
455,155,Kannauj,1262,Kannauj,455,80,16,88,24,11,74,78,78,68,19,59,10,4,25,17,19,74,27,48,42,93,33,80,73,36,52,18,6,58,36,29,51,91,45,61,97,36,75,67,29,44,7,13,90,31,5
456,155,Kannauj,1263,Saurikh,456,93,47,71,76,55,95,33,54,94,75,38,86,17,94,97,18,75,87,18,85,19,35,86,17,38,41,7,36,98,50,13,70,6,11,74,37,18,68,6,42,77,13,12,78,82,38
457,155,Kannauj,1264,Talgram,457,33,36,64,18,39,58,24,74,37,88,79,30,49,83,10,65,54,17,42,82,15,16,67,3,20,11,35,12,48,20,70,44,7,52,91,78,9,71,22,38,64,13,44,84,22,58
458,155,Kannauj,1265,Umarda,458,90,56,4,93,71,23,58,48,2,58,94,82,39,64,27,4,94,58,48,88,100,63,70,12,60,96,92,19,53,19,8,13,27,28,77,19,85,62,89,29,93,9,21,87,38,14
459,156,Kanpur Dehat,1266,Akbarpur,459,3,69,73,27,61,97,28,91,42,31,96,27,65,66,93,74,23,72,29,79,42,45,96,59,38,91,5,54,86,16,52,74,93,48,84,32,98,3,53,31,86,22,100,67,92,54
460,156,Kanpur Dehat,1267,Amrodha,460,33,50,13,37,66,20,41,4,11,26,73,12,28,7,56,37,64,42,81,82,22,73,13,2,41,67,32,48,74,39,43,83,49,70,61,6,68,2,92,64,99,37,14,93,71,83
461,156,Kanpur Dehat,1268,Derapur,461,9,64,14,88,6,42,73,77,12,75,79,36,57,6,99,41,4,25,74,38,48,53,79,42,94,86,99,35,16,5,31,94,50,67,4,55,57,99,62,60,76,31,71,33,8,61
462,156,Kanpur Dehat,1269,Jhinjhak,462,66,54,80,80,19,10,35,76,54,71,19,58,50,3,27,90,80,34,75,96,12,59,22,56,38,100,52,68,82,32,10,76,15,51,15,27,63,86,25,83,33,54,73,89,74,13
463,156,Kanpur Dehat,1270,Maitha,463,45,97,81,33,87,51,87,6,18,81,12,5,53,89,70,87,95,61,51,19,55,6,83,12,80,1,8,57,11,49,50,16,67,70,8,22,85,89,48,82,18,18,53,1,73,8
464,156,Kanpur Dehat,1271,Malasa,464,61,9,85,66,16,37,80,35,72,74,89,52,3,12,11,60,37,21,84,5,54,90,13,61,53,22,71,72,79,15,92,32,10,47,1,64,66,15,81,60,13,40,2,34,69,20
465,156,Kanpur Dehat,1272,Rajpur,465,35,2,51,3,82,60,73,21,15,65,32,68,70,9,74,90,4,70,21,88,54,76,26,20,87,95,31,93,29,92,72,86,64,99,95,31,95,57,100,63,99,80,33,54,96,91
466,156,Kanpur Dehat,1273,Rasulabad,466,27,98,61,96,35,56,67,31,67,15,72,35,99,39,31,66,44,58,73,37,92,86,22,47,97,92,54,79,41,24,63,26,47,93,47,96,62,1,79,15,93,60,92,70,53,1
467,156,Kanpur Dehat,1274,Sandalpur,467,15,22,20,83,19,27,93,16,34,89,51,85,65,32,82,19,88,37,15,51,46,44,10,57,93,41,76,76,25,46,12,7,70,19,18,25,78,44,46,95,50,9,16,36,2,67
468,156,Kanpur Dehat,1275,Sarbankhera,468,82,18,99,79,14,77,16,11,47,99,41,45,8,7,50,99,54,16,81,22,60,9,1,40,3,47,41,75,11,69,9,57,80,78,41,77,25,8,47,11,26,65,16,65,86,7
469,157,Kanpur Nagar,1276,Bhitargaon,469,98,52,29,78,56,50,13,34,83,8,44,66,6,29,79,100,57,20,98,25,39,2,53,20,58,8,74,25,34,55,95,50,39,91,27,70,99,48,95,75,79,15,42,36,87,49
470,157,Kanpur Nagar,1277,Bilhaur,470,89,38,94,22,97,63,13,54,70,68,31,63,29,63,99,98,36,99,25,4,82,18,34,23,87,50,55,18,28,9,3,26,89,34,24,58,98,51,55,41,65,69,47,86,34,16
471,157,Kanpur Nagar,1278,Chaubeypur,471,18,31,60,96,73,6,93,30,85,38,27,62,28,69,60,84,47,92,15,83,69,85,40,89,27,17,72,8,33,53,88,66,60,8,59,1,21,41,4,31,49,11,32,89,93,17
472,157,Kanpur Nagar,1279,Ghatampur,472,5,24,75,38,63,30,8,44,78,13,78,32,98,46,82,54,56,77,5,46,62,12,66,82,7,73,85,87,65,4,58,7,73,37,63,65,4,85,11,35,98,24,56,69,3,57
473,157,Kanpur Nagar,1280,Kakwan,473,37,61,15,92,46,9,21,37,91,40,53,48,10,89,92,43,53,9,1,49,99,40,33,69,17,50,67,30,79,72,23,72,29,3,66,95,48,35,94,75,4,94,19,95,26,62
474,157,Kanpur Nagar,1281,Kalyanpur,474,14,95,72,92,86,75,53,2,92,8,59,24,37,39,81,23,74,48,14,6,69,20,56,10,27,66,14,15,51,87,13,76,83,20,83,88,37,10,64,15,78,43,73,91,12,66
475,157,Kanpur Nagar,1282,Patara,475,21,56,92,62,55,18,17,56,87,23,98,91,30,92,7,23,47,4,70,19,81,26,89,77,13,80,85,47,71,12,43,58,97,33,51,16,66,14,80,58,35,9,75,26,54,46
476,157,Kanpur Nagar,1283,Sarsol,476,20,99,15,36,76,31,22,88,1,63,45,94,33,69,3,26,88,82,18,95,24,29,78,94,60,34,97,37,91,82,3,96,100,50,90,30,43,93,50,84,74,51,56,4,6,60
477,157,Kanpur Nagar,1284,Shivrajpur,477,64,65,74,46,96,70,33,15,5,56,71,34,38,1,16,27,58,97,51,72,74,30,93,96,35,4,54,5,68,95,72,65,99,53,81,20,41,20,39,90,18,42,58,23,49,100
478,157,Kanpur Nagar,1285,Vidhunu,478,40,82,31,36,71,40,76,54,3,45,12,1,78,92,97,59,71,37,41,65,22,43,59,9,67,1,66,75,11,27,61,92,43,32,84,33,97,13,12,65,3,38,15,36,29,80
479,633,Kasganj,1064,Amanpur,479,29,81,97,79,41,89,56,11,47,48,87,15,79,59,7,36,13,80,42,5,12,75,2,36,30,81,34,59,75,32,45,8,82,72,49,52,74,4,82,71,5,62,98,5,35,83
480,633,Kasganj,1066,Ganj Dundwara,480,48,11,23,63,54,9,76,96,12,68,31,19,54,99,50,40,64,5,84,73,16,51,90,9,73,20,9,91,5,26,45,96,52,24,76,29,80,46,21,97,75,42,4,16,82,100
481,633,Kasganj,1069,Kasganj,481,88,98,32,68,93,56,49,94,30,81,83,25,75,100,90,66,21,37,58,11,40,44,83,23,85,89,21,55,91,21,89,36,13,90,43,81,82,13,77,14,91,45,96,45,65,87
482,633,Kasganj,1072,Patiyali,482,77,94,9,58,36,3,93,14,16,98,26,74,28,97,46,67,87,13,65,4,92,82,33,53,41,90,56,60,14,35,1,92,42,93,29,45,37,50,53,80,61,97,85,16,67,29
483,633,Kasganj,1073,Sahawar,483,71,20,74,64,77,43,93,96,50,74,11,2,96,32,22,90,3,66,54,84,62,98,76,3,67,30,8,100,36,45,85,6,91,99,52,60,100,16,57,20,45,51,29,68,69,96
484,633,Kasganj,1076,Sidhpura,484,98,36,42,78,56,48,73,36,64,80,95,29,95,99,27,51,16,61,97,63,11,65,19,69,70,97,77,87,75,32,70,70,87,12,62,66,23,44,7,73,29,91,12,32,75,25
485,633,Kasganj,1077,Soron,485,47,4,55,18,98,38,90,26,57,93,45,61,65,13,49,83,23,45,7,82,45,94,18,62,13,53,27,67,45,84,23,9,75,41,21,69,8,86,91,15,77,67,35,75,83,99
486,158,Kaushambi,1286,Chail,486,17,41,58,98,26,89,63,19,73,10,76,15,78,29,59,10,46,51,81,29,78,82,41,52,100,83,47,10,31,52,25,75,94,5,69,19,6,40,76,57,37,100,99,48,6,42
487,158,Kaushambi,1287,Kara,487,3,28,51,72,38,55,33,82,34,75,28,94,59,9,71,99,7,28,93,58,75,100,36,52,7,48,96,50,31,90,24,31,85,48,58,90,39,90,6,23,60,25,8,71,92,55
488,158,Kaushambi,1288,Kaushambi,488,3,38,74,95,35,98,32,89,55,90,38,58,23,62,30,93,29,93,3,99,61,15,22,57,92,58,64,27,54,70,47,83,8,89,53,19,55,47,60,38,87,89,57,8,89,28
489,158,Kaushambi,1289,Manjhanpur,489,100,51,97,18,84,67,2,56,77,83,48,61,9,89,70,6,23,64,100,78,57,8,58,9,93,14,77,26,47,10,5,54,5,54,2,85,22,73,39,18,54,31,70,37,86,42
490,158,Kaushambi,1290,Mooratganj,490,97,44,80,36,29,52,15,37,100,23,48,55,5,68,93,60,38,77,40,7,56,38,28,76,15,93,87,7,70,6,28,67,2,65,39,2,23,53,19,70,33,75,38,2,38,33
491,158,Kaushambi,1291,Nevada,491,46,70,64,15,51,29,96,22,73,15,34,70,18,12,76,39,60,70,21,70,11,76,41,91,49,36,46,50,67,29,64,3,99,35,86,22,30,95,20,47,36,17,67,69,31,60
492,158,Kaushambi,1292,Sarsawan,492,11,14,77,31,74,69,23,87,67,15,54,10,2,41,89,15,46,86,94,38,92,55,91,69,10,62,39,16,79,43,70,64,85,47,82,32,79,93,15,51,87,44,33,85,24,63
493,158,Kaushambi,1293,Sirathu,493,30,93,5,98,34,86,43,17,79,31,52,86,22,88,85,48,46,87,17,53,5,31,23,89,25,53,12,93,35,84,50,1,54,57,81,18,60,79,100,49,8,22,84,98,18,82
494,159,Kheri,1294,Bankeyganj,494,40,31,12,50,75,79,18,96,97,1,50,1,55,33,69,19,54,19,40,94,75,24,72,2,18,91,41,57,46,24,63,94,43,72,26,14,62,2,57,47,71,34,75,78,44,65
495,159,Kheri,1295,Behjam,495,11,74,98,38,56,92,62,36,86,67,93,95,8,86,26,100,66,2,71,37,74,64,69,35,55,92,12,62,25,37,57,95,31,73,64,27,19,86,33,69,41,30,64,27,47,40
496,159,Kheri,1296,Bijuwa,496,60,100,7,57,53,10,14,63,26,43,33,84,78,65,2,79,9,99,34,73,42,31,79,85,72,88,12,2,92,47,96,8,24,78,41,66,33,98,39,3,80,29,8,1,49,62
497,159,Kheri,1297,Dhaurhara,497,80,69,94,45,76,15,49,3,85,47,84,9,30,81,35,33,49,14,77,96,17,54,99,24,72,8,82,45,80,37,73,3,40,18,95,46,12,24,40,89,10,73,48,14,33,82
498,159,Kheri,1298,Isanagar,498,27,86,24,41,75,5,83,46,97,61,78,41,80,93,82,65,5,27,43,71,25,74,51,37,15,9,29,79,48,42,5,17,57,74,10,49,88,19,43,95,11,46,24,34,96,59
499,159,Kheri,1299,Kumbhigola,499,97,74,25,74,18,11,33,86,40,43,91,95,58,62,11,90,79,31,63,11,14,65,44,80,55,94,49,12,86,52,5,8,76,88,51,55,95,20,56,90,26,80,14,58,36,100
500,159,Kheri,1300,Lakhimpur,500,36,4,45,39,59,95,100,5,29,57,8,27,48,88,51,33,96,7,73,91,27,4,93,56,12,51,52,88,34,69,57,20,65,28,91,72,21,26,88,3,66,58,74,28,49,65
501,159,Kheri,1301,Mitauli,501,79,5,94,72,2,65,52,66,34,70,73,40,5,95,19,73,9,26,92,4,41,71,34,59,97,16,69,32,9,59,27,63,41,78,33,99,88,36,65,20,23,71,15,19,82,86
502,159,Kheri,1302,Mohammadi,502,70,74,64,85,4,43,69,36,10,72,28,67,42,71,52,88,76,66,80,11,69,11,60,64,4,17,79,84,29,92,13,6,85,34,35,74,28,53,72,7,34,91,83,96,46,100
503,159,Kheri,1303,Nakaha,503,73,12,50,58,98,19,82,90,80,29,81,44,85,48,26,75,20,59,75,87,59,40,3,78,18,49,98,10,76,39,10,49,84,100,41,82,3,5,99,50,43,42,95,60,51,93
504,159,Kheri,1304,Nighasan,504,13,91,40,83,18,51,78,30,53,57,14,50,98,100,56,19,93,59,1,75,68,81,43,94,13,39,74,30,19,9,43,36,14,17,68,57,12,75,100,90,94,75,24,99,89,43
505,159,Kheri,1305,Palia,505,41,81,44,98,14,62,3,20,49,97,36,52,81,21,69,58,26,66,100,13,94,57,48,74,40,65,81,96,59,23,12,44,64,27,35,12,61,28,97,10,44,64,91,68,82,83
506,159,Kheri,1306,Pasgawan,506,97,60,34,91,1,66,85,97,59,10,4,68,4,23,65,28,62,29,20,56,7,96,51,92,27,58,94,75,78,64,30,81,96,37,61,24,2,59,80,9,67,7,44,18,75,39
507,159,Kheri,1307,Phoolbehar,507,10,27,82,17,5,59,98,76,39,81,30,81,97,13,77,1,36,21,42,58,3,26,75,67,20,71,21,99,28,6,45,74,23,74,68,94,42,82,76,30,29,91,88,38,4,25
508,159,Kheri,1308,Ramia Behar,508,78,41,67,61,39,74,40,16,66,47,36,75,11,65,68,80,46,7,29,42,76,39,71,37,58,35,92,42,5,79,36,3,13,8,44,7,71,69,90,26,61,87,22,85,66,22
509,160,Kushinagar,1309,Dudhahi,509,27,30,75,37,59,45,96,45,8,76,39,64,30,45,81,59,74,2,36,76,99,36,83,22,5,68,92,55,72,36,76,50,4,58,23,1,15,55,6,13,37,86,64,59,6,42
510,160,Kushinagar,1310,Fazilnagar,510,100,36,87,97,56,95,29,45,89,29,66,44,10,61,24,66,51,16,52,98,19,82,64,6,54,90,15,51,60,26,6,84,19,70,75,26,69,36,99,49,3,84,5,71,22,15
511,160,Kushinagar,1311,Hata,511,23,63,58,20,55,94,16,26,77,13,58,23,62,28,64,68,17,82,45,99,36,30,54,16,68,11,12,61,83,22,85,6,90,54,90,38,99,77,26,25,70,6,84,67,1,39
512,160,Kushinagar,1312,Kaptainganj,512,20,44,7,56,51,91,12,75,73,23,71,6,91,42,16,47,84,61,74,66,16,67,33,13,35,74,38,45,66,34,40,90,56,77,84,12,78,87,67,47,83,46,25,40,18,35
513,160,Kushinagar,1313,Kasaya,513,3,84,34,75,41,77,36,85,9,72,41,7,28,77,7,61,98,12,31,96,31,60,73,36,100,84,32,68,45,2,37,100,47,63,77,2,32,83,46,70,77,15,54,17,82,45
514,160,Kushinagar,1314,Khadda,514,68,38,74,52,91,98,34,70,17,6,53,93,38,23,21,84,64,28,94,16,99,53,16,41,30,96,47,65,89,39,16,96,47,58,99,11,48,95,22,30,80,1,48,99,61,10
515,160,Kushinagar,1315,Motichak,515,3,54,16,18,84,49,58,69,90,55,10,2,24,83,55,44,78,41,35,13,49,100,93,46,9,99,15,64,18,72,46,86,37,45,92,31,95,64,32,66,93,24,63,11,26,33
516,160,Kushinagar,1316,Nebua Naurangia,516,55,93,83,47,87,99,15,69,32,62,61,24,90,6,30,80,48,15,78,98,38,73,9,31,51,29,80,92,11,21,99,29,17,57,8,65,13,62,28,60,23,46,78,95,31,82
517,160,Kushinagar,1317,Padrauna,517,46,99,22,65,54,31,67,9,86,37,3,52,53,3,57,77,98,64,6,8,71,69,23,27,93,28,54,63,99,91,79,18,73,100,79,15,79,32,10,73,83,55,57,78,71,78
518,160,Kushinagar,1318,Ramkola,518,20,70,24,31,96,44,38,2,38,77,70,54,19,23,24,60,38,68,58,95,77,93,28,63,20,98,61,85,39,56,92,36,24,40,94,71,72,8,63,90,77,44,80,48,15,63
519,160,Kushinagar,1319,Seorahi,519,77,93,14,80,7,99,65,79,41,46,34,70,60,26,76,30,18,31,9,36,40,78,33,96,63,10,74,8,57,78,10,91,54,3,19,37,62,19,40,42,20,87,77,98,64,19
520,160,Kushinagar,1320,Sukrauli,520,43,79,84,50,85,48,78,9,45,70,35,39,2,17,80,57,11,1,75,38,92,32,8,47,3,53,56,7,8,86,56,4,80,85,25,61,99,92,58,12,33,27,77,17,84,58
521,160,Kushinagar,1321,Tamkuhiraj,521,86,23,100,50,18,54,73,68,46,2,38,86,13,23,73,85,51,40,18,58,56,72,23,17,91,40,81,24,40,62,96,60,24,75,1,64,82,21,96,59,41,69,4,20,74,2
522,160,Kushinagar,1322,Vishunpura,522,60,10,57,20,94,34,76,25,64,88,41,92,86,20,84,15,56,10,18,11,88,15,63,55,94,48,72,88,24,93,89,10,64,18,34,68,95,35,39,2,17,66,97,11,88,77
523,161,Lalitpur,1323,Bar,523,89,16,67,30,8,77,65,28,91,58,21,56,12,63,79,100,31,96,85,80,2,18,46,86,34,23,4,31,65,36,72,41,77,83,60,85,5,25,79,29,36,73,85,51,55,4
524,161,Lalitpur,1324,Birdha,524,2,96,47,100,34,27,5,54,82,71,63,25,18,66,67,47,50,71,25,79,69,19,36,99,3,93,17,94,49,79,42,16,66,12,48,49,81,59,8,60,50,86,17,56,81,44
525,161,Lalitpur,1325,Jakhaura,525,72,24,87,89,40,97,92,30,85,25,73,64,95,46,95,100,63,41,8,55,96,46,66,2,41,56,74,5,26,92,96,47,13,87,50,92,58,20,56,30,65,82,7,46,98,87
526,161,Lalitpur,1326,Mandawara,526,85,66,69,80,21,57,10,87,11,28,52,9,30,33,89,43,6,54,11,75,11,12,79,16,33,73,12,25,58,62,97,59,67,21,57,91,84,63,26,3,66,21,36,52,64,27
527,161,Lalitpur,1327,Mehroni,527,2,53,56,34,26,3,37,73,81,8,56,95,13,3,24,17,53,10,77,51,4,33,96,83,10,76,5,94,46,96,27,56,7,43,34,91,27,75,64,36,60,81,100,78,41,46
528,161,Lalitpur,1328,Talbehat,528,83,34,96,70,64,53,16,73,94,57,74,5,53,62,97,24,58,21,13,93,31,35,76,26,89,41,72,21,75,91,3,66,94,97,74,14,30,71,12,46,35,4,43,91,68,12
529,162,Lucknow,1329,Bakshi-Ka-Talab,529,35,36,62,27,16,64,17,72,36,67,88,28,32,85,10,59,90,95,57,78,81,53,89,39,33,88,37,12,69,5,56,49,74,37,88,7,93,44,11,42,5,26,20,75,10,62
530,162,Lucknow,1330,Chinhat,530,28,79,28,7,56,34,70,74,14,39,5,87,35,85,39,56,77,44,48,88,51,75,65,7,51,85,67,45,58,21,36,76,53,42,58,94,58,74,90,53,91,90,40,60,23,81
531,162,Lucknow,1331,Gosaiganj,531,28,52,59,36,98,19,50,4,40,42,72,34,99,66,6,42,20,3,38,100,29,72,8,43,40,81,18,43,59,16,52,18,57,20,74,23,52,88,69,32,57,24,60,83,42,67
532,162,Lucknow,1332,Kakori,532,19,73,94,85,65,3,69,90,97,48,14,48,39,6,56,72,98,39,91,71,22,58,22,7,20,68,4,66,15,36,29,71,36,86,54,16,67,8,73,22,100,39,82,78,66,84
533,162,Lucknow,1333,Mal,533,22,59,59,53,87,50,36,13,49,84,68,19,82,6,13,62,91,53,55,18,74,67,90,7,69,64,14,65,100,97,36,83,33,65,31,43,35,74,38,1,66,7,57,29,39,60
534,162,Lucknow,1334,Malihabad,534,75,78,3,52,30,10,76,97,20,84,20,68,48,29,52,74,84,20,98,47,89,52,80,29,50,100,63,35,98,19,85,93,29,55,90,97,62,1,31,42,23,58,37,22,77,39
535,162,Lucknow,1335,Mohanlalganj,535,42,14,68,75,96,59,87,81,44,68,31,25,68,2,19,97,36,99,51,90,68,82,74,13,77,14,85,47,84,29,94,90,53,51,13,48,84,68,19,82,6,2,2,38,44,80
536,162,Lucknow,1336,Sarojaninagar,536,92,20,25,61,13,32,67,30,80,91,1,35,1,96,59,82,39,31,67,33,35,75,39,53,45,81,61,97,76,18,54,23,12,63,12,18,85,5,68,62,16,1,96,6,59,9
537,165,Mahoba,1356,Charkhari,537,58,20,49,12,92,32,10,36,15,51,15,58,97,46,82,81,30,51,7,14,55,78,93,9,60,23,28,52,29,68,75,96,48,19,83,31,70,38,41,62,2,42,19,58,93,100
538,165,Mahoba,1357,Jaitpur,538,74,99,42,91,42,9,48,13,67,7,8,44,10,26,28,80,16,74,10,35,62,59,25,62,100,67,31,94,5,25,76,25,46,67,30,74,93,28,38,9,21,84,18,48,54,90
539,165,Mahoba,1358,Kabrai,539,87,22,71,92,46,12,90,39,45,7,60,91,66,15,78,23,39,34,100,33,22,69,9,27,93,32,71,60,38,77,77,92,47,10,36,24,64,15,61,85,71,26,92,55,76,30
540,165,Mahoba,1359,Panwari,540,6,58,84,89,29,91,16,6,87,97,35,28,92,85,59,100,35,90,87,8,71,12,6,41,76,34,38,2,28,31,9,45,87,76,14,80,7,8,44,48,88,38,4,83,99,48
541,164,Mahrajganj,1344,Bridgemanganj,541,17,36,54,75,69,86,22,62,74,90,54,94,32,95,77,13,40,56,73,78,41,93,42,83,99,24,61,1,9,71,85,48,30,79,54,47,10,60,23,2,38,15,45,47,98,17
542,164,Mahrajganj,1345,Dhani,542,90,38,74,29,49,46,99,54,70,19,68,61,12,75,90,92,70,84,15,91,40,12,48,49,63,68,70,91,58,84,89,29,63,19,23,89,1,24,66,17,7,82,48,86,13,17
543,164,Mahrajganj,1346,Ghughli,543,3,81,84,9,45,13,3,54,96,47,41,76,15,65,72,35,57,54,5,54,8,86,25,66,33,20,56,25,64,54,88,55,86,22,70,74,94,79,95,57,46,1,42,62,79,33
544,164,Mahrajganj,1347,Lakshmipur,544,31,7,71,16,78,53,2,10,73,22,61,16,34,70,86,22,31,70,95,58,39,2,65,53,19,63,26,78,41,95,32,51,72,99,54,56,4,90,25,37,62,28,17,95,22,73
545,164,Mahrajganj,1348,Mahrajganj,545,24,78,99,18,54,9,49,23,86,28,94,81,92,85,91,32,57,96,1,37,79,15,33,96,25,47,37,18,97,71,34,53,16,19,43,96,70,63,84,24,2,95,87,8,2,66
546,164,Mahrajganj,1349,Mithaura,546,25,61,92,61,70,86,25,93,29,17,57,99,62,39,2,20,70,66,14,77,85,34,73,86,2,53,93,44,33,86,16,65,68,47,13,98,46,77,41,56,78,35,59,62,28,42
547,164,Mahrajganj,1350,Nautanwa,547,31,93,82,32,63,99,58,79,56,64,100,1,37,9,36,84,50,77,55,57,75,11,63,82,30,80,96,24,77,99,18,82,9,57,26,2,66,5,6,70,25,14,48,2,57,72
548,164,Mahrajganj,1351,Nichlaul,548,45,94,1,64,76,38,20,70,23,50,66,8,57,82,49,54,93,9,44,48,25,15,63,95,59,50,64,27,63,81,74,95,86,40,16,50,39,98,23,86,64,4,82,18,96,60
549,164,Mahrajganj,1352,Paniyara,549,74,62,5,41,18,85,47,10,13,80,7,15,37,56,19,40,59,88,24,90,65,55,19,86,34,60,43,33,58,21,34,65,92,43,15,19,87,8,24,73,20,83,32,89,39,89
550,164,Mahrajganj,1353,Partawal,550,40,3,57,47,72,11,89,78,17,31,95,11,55,3,92,40,90,11,26,71,34,84,35,89,40,2,80,57,9,4,57,78,27,84,85,33,72,3,44,64,30,94,99,40,28,82
551,164,Mahrajganj,1354,Pharenda,551,80,78,95,73,24,44,56,92,47,49,88,24,68,46,86,37,73,4,69,21,98,39,5,41,42,82,11,74,48,5,56,5,51,72,35,38,95,30,66,74,1,64,98,90,59,69
552,164,Mahrajganj,1355,Siswa,552,30,2,51,72,88,92,72,21,27,89,40,11,23,72,35,43,96,17,57,75,2,52,91,35,73,12,13,40,18,57,19,72,49,12,1,28,94,20,63,87,50,68,94,35,56,71
553,166,Mainpuri,1360,Barnahal,553,86,37,26,69,9,71,59,85,67,5,71,88,52,14,16,83,92,10,67,88,51,55,86,21,58,69,20,82,17,11,89,47,52,78,42,83,72,11,49,30,23,18,84,35,79,28
554,166,Mainpuri,1361,Bewar,554,99,71,34,55,21,66,2,65,16,70,12,51,45,81,36,72,50,13,53,30,21,73,22,26,79,4,67,36,91,53,74,3,58,81,29,49,12,63,65,82,17,97,81,29,78,29
555,166,Mainpuri,1362,Ghiror,555,70,20,56,65,31,51,89,87,49,76,97,44,69,32,10,52,30,66,50,71,20,1,81,29,65,20,50,71,38,27,20,33,68,74,25,92,13,80,46,97,60,61,28,92,48,99
556,166,Mainpuri,1363,Jageer,556,83,33,64,12,27,49,85,36,85,58,98,34,82,75,29,92,13,34,87,36,44,68,30,55,66,100,36,14,97,56,91,30,89,27,75,32,96,59,84,90,26,91,31,96,58,13
557,166,Mainpuri,1364,Karhal,557,64,13,50,5,11,32,82,46,33,81,20,27,92,27,78,32,10,50,84,91,42,84,1,35,2,52,59,58,20,7,87,53,74,37,9,59,9,26,7,42,51,61,97,75,11,6
558,166,Mainpuri,1365,Kishni,558,4,67,32,97,33,98,82,3,44,94,7,41,77,98,49,12,46,29,7,17,68,48,12,75,8,83,19,100,52,73,36,90,71,21,45,8,3,66,64,6,38,77,39,41,82,46
559,166,Mainpuri,1366,Kuraoli,559,7,96,74,13,3,65,4,60,40,74,40,65,72,99,61,2,6,46,67,11,64,14,62,19,82,33,82,80,38,16,20,21,70,21,68,4,26,66,74,36,58,24,95,44,11,22
560,166,Mainpuri,1367,Mainpuri,560,10,73,100,67,45,81,15,90,39,94,10,59,95,75,69,64,32,59,90,40,64,17,96,61,82,13,76,52,89,54,22,87,14,15,28,91,46,38,86,22,58,94,28,91,90,54
561,166,Mainpuri,1368,Sultanganj,561,23,27,81,44,65,74,6,29,83,60,23,74,14,93,29,6,26,89,24,52,61,97,45,75,92,55,53,30,19,83,49,51,88,44,98,86,22,87,29,20,44,93,62,51,2,12
562,167,Mathura,1369,Baldeo,562,7,42,94,21,51,42,77,20,73,39,66,28,94,45,99,73,39,3,4,23,44,7,54,93,16,43,99,35,70,23,90,68,3,45,48,99,91,43,6,55,100,16,37,77,19,22
563,167,Mathura,1370,Chaumuha,563,29,82,90,27,61,69,100,35,83,14,5,70,37,38,74,38,70,44,6,60,14,17,15,78,20,60,85,62,67,6,69,81,83,64,100,13,5,83,33,46,66,76,81,74,8,71
564,167,Mathura,1371,Chhata,564,62,14,77,53,35,1,22,76,57,7,54,81,1,51,68,19,8,86,49,54,78,28,85,74,22,94,39,29,52,9,60,63,25,52,68,18,84,10,99,54,90,44,33,73,41,35
565,167,Mathura,1372,Farah,565,9,91,31,7,48,78,29,32,56,47,51,13,12,52,68,22,85,99,93,57,84,31,24,87,1,68,16,52,20,13,47,77,31,47,83,8,75,53,15,67,83,48,83,40,89,11
566,167,Mathura,1373,Govardhan,566,66,71,6,61,66,82,18,45,26,15,37,68,32,48,69,62,25,90,56,68,86,37,94,2,14,80,22,84,72,86,91,80,31,67,24,18,54,93,28,63,12,24,64,68,89,65
567,167,Mathura,1374,Mat,567,32,86,91,12,32,96,59,75,74,29,94,86,34,61,39,5,39,93,33,63,99,52,55,30,84,8,24,48,93,56,30,92,38,87,62,2,92,98,47,90,100,30,70,8,15,19
568,167,Mathura,1375,Mathura,568,52,100,67,31,88,9,99,53,7,56,31,97,77,67,92,32,9,99,65,51,100,34,93,31,67,76,55,76,95,31,100,49,1,63,5,71,46,95,26,77,95,43,10,85,95,37
569,167,Mathura,1376,Nandgaon,569,65,46,23,71,37,15,42,93,96,47,100,14,15,64,9,74,49,16,67,69,32,48,33,11,77,2,38,69,9,64,73,66,70,6,8,47,76,39,17,79,6,70,21,35,98,53
570,167,Mathura,1377,Nohjhil,570,53,70,34,17,71,92,41,75,39,61,54,16,71,7,11,21,90,30,19,73,24,12,76,38,4,8,70,82,22,40,76,33,56,72,92,41,88,78,86,22,84,50,35,12,1,53
571,167,Mathura,1378,Raya,571,87,77,98,55,91,9,64,63,26,30,86,21,57,51,29,92,79,18,87,23,2,53,17,80,72,11,21,2,5,53,16,23,60,1,25,43,85,48,72,49,17,14,77,51,28,83
572,168,Mau,1379,Badraon,572,27,54,31,70,58,23,62,93,29,56,22,1,54,78,41,44,86,51,47,63,67,16,17,53,87,38,40,82,18,96,62,1,50,1,20,84,32,99,56,18,40,16,58,82,48,22
573,168,Mau,1380,Dohri Ghat,573,70,33,20,24,2,38,57,69,19,96,63,38,76,11,51,72,12,1,70,42,66,82,98,64,85,88,78,34,25,36,2,66,56,95,34,70,88,18,66,2,91,34,68,84,29,92
574,168,Mau,1381,Fatehpur Madaun,574,80,86,41,4,78,31,85,35,25,40,3,54,56,98,9,88,8,71,6,17,63,99,47,39,95,58,78,72,99,63,31,33,96,24,40,65,1,67,71,57,81,30,62,88,41,77
575,168,Mau,1382,Ghosi,575,64,100,51,40,11,60,59,2,53,19,8,33,74,25,41,52,19,83,62,28,49,12,57,96,44,7,79,15,49,65,95,47,83,81,30,81,43,23,86,93,100,53,75,37,19,59
576,168,Mau,1383,Kopaganj,576,86,2,47,10,18,11,80,18,65,49,87,50,89,18,54,18,12,24,9,63,79,21,42,83,78,40,64,14,73,86,49,23,63,44,80,55,87,65,72,37,3,39,91,11,45,8
577,168,Mau,1384,Mohammadabad Gohana,577,72,94,34,83,15,81,2,18,37,87,36,16,83,34,83,52,88,88,24,56,6,30,50,77,27,76,74,11,32,98,93,43,5,30,48,98,64,52,36,16,30,37,71,10,88,68
578,168,Mau,1385,Pardaha,578,69,50,44,64,27,67,62,12,36,99,30,93,18,87,50,5,90,55,4,59,95,87,26,89,53,47,96,33,55,95,29,92,64,27,63,97,8,16,53,77,21,85,23,33,29,91
579,168,Mau,1386,Ranipur,579,96,28,66,43,1,64,98,34,59,95,43,57,65,27,49,15,56,94,61,26,88,39,6,58,94,60,11,18,52,92,26,62,14,49,57,20,92,39,19,100,50,70,55,6,69,1
580,168,Mau,1387,Ratanpura,580,89,43,6,45,11,78,94,57,82,18,27,66,14,50,72,8,42,5,88,68,4,10,59,10,73,41,4,53,82,89,9,72,27,22,44,84,85,35,85,36,90,68,7,55,48,99
581,169,Meerut,1388,Daurala,581,41,10,46,11,77,42,5,33,89,91,13,79,10,47,72,43,65,1,67,88,56,37,75,13,3,84,7,9,75,11,89,82,81,43,94,62,85,34,88,70,32,53,1,65,100,26
582,169,Meerut,1389,Hastinapur,582,75,26,76,4,43,95,31,26,75,27,89,49,97,46,14,30,51,14,22,72,35,59,66,17,57,84,73,51,91,44,6,45,23,39,88,84,48,29,54,19,46,63,29,24,78,86
583,169,Meerut,1390,Janikhurd,583,12,53,69,97,60,72,74,55,91,94,33,96,60,63,16,52,95,87,21,85,26,45,55,90,37,87,50,71,58,22,58,15,89,52,74,78,79,15,96,13,47,88,16,47,84,35
584,169,Meerut,1391,Kharkhoda,584,20,57,78,37,26,91,53,68,59,10,75,1,90,75,3,47,82,23,91,81,6,42,97,13,52,100,27,35,84,6,49,5,68,40,18,81,31,85,62,86,64,94,10,31,80,18
585,169,Meerut,1392,Machra,585,7,43,11,3,38,1,97,75,11,36,55,6,66,81,97,46,97,54,2,65,49,51,100,36,92,71,20,71,98,29,65,90,30,92,60,24,25,38,2,56,30,96,47,87,81,2
586,169,Meerut,1393,Mawana Kalan,586,50,66,100,39,82,71,37,58,99,31,45,21,32,13,63,74,68,4,81,21,99,62,13,46,20,70,60,67,30,25,82,99,93,41,71,61,26,58,6,95,73,39,1,64,18,72
587,169,Meerut,1394,Meerut,587,16,65,20,37,58,20,65,68,5,29,83,9,61,3,39,44,83,74,61,97,78,79,80,19,84,37,14,54,81,45,64,85,33,15,77,12,39,58,9,72,63,66,44,70,21,10
588,169,Meerut,1395,Parikshitgarh,588,53,82,86,22,91,40,92,55,33,52,11,45,99,80,43,57,23,41,76,8,29,45,9,76,77,87,68,95,83,47,77,13,76,27,68,18,34,58,23,26,80,43,55,73,1,41
589,169,Meerut,1396,Rajpura,589,19,82,36,90,54,93,62,97,98,38,16,52,45,93,56,74,40,35,91,98,61,1,22,16,67,20,44,47,25,88,39,60,3,84,73,21,25,3,5,26,83,19,24,63,25,41
590,169,Meerut,1397,Rohta,590,61,74,40,16,67,61,35,100,55,91,92,28,85,36,38,64,91,68,57,9,85,66,32,59,6,9,63,17,12,31,40,80,43,20,57,38,57,92,19,96,63,26,51,90,21,57
591,169,Meerut,1398,Sardhana,591,75,83,32,44,7,100,77,91,16,55,35,98,76,99,52,7,23,44,84,65,28,76,6,69,89,52,78,66,44,32,67,82,11,65,100,88,54,96,61,12,3,67,56,22,34,71
592,169,Meerut,1399,Sarurpur Khurd,592,31,10,46,77,13,43,78,67,71,97,45,12,76,32,53,73,36,100,94,15,68,19,39,73,74,40,44,100,34,31,36,99,51,40,4,58,97,72,8,80,30,6,59,88,51,53
593,170,Mirzapur,1400,Chhanvey,593,69,25,41,27,94,58,47,60,84,74,39,69,16,5,83,13,24,40,70,48,84,72,39,90,6,30,84,33,73,35,49,12,20,60,7,21,37,15,65,69,5,47,87,88,30,81
594,170,Mirzapur,1401,Hallia,594,74,99,26,91,12,24,87,60,54,94,15,81,85,75,74,76,54,81,47,23,38,19,55,56,83,64,13,61,13,48,79,29,44,83,87,44,65,14,31,50,12,33,53,44,80,59
595,170,Mirzapur,1402,Jamalpur,595,55,6,55,56,23,1,87,31,80,31,47,77,99,49,56,9,31,93,75,52,15,92,48,99,48,27,53,89,28,44,69,83,60,49,25,64,84,12,36,99,88,43,9,30,20,65
596,170,Mirzapur,1403,Kon,596,92,95,49,99,40,14,77,57,93,95,38,100,18,45,96,32,37,67,1,64,68,25,61,70,89,70,90,64,21,60,96,15,27,90,54,20,59,95,76,95,29,92,59,27,63,15
597,170,Mirzapur,1404,Lalganj,597,2,65,60,79,6,93,55,33,61,12,78,65,92,57,11,29,64,3,34,61,8,22,39,93,32,80,27,73,24,45,89,43,6,83,98,60,11,27,42,92,44,36,92,13,62,24
598,170,Mirzapur,1405,Majhawa,598,87,22,46,85,20,5,99,77,13,1,58,9,71,23,76,26,79,89,10,47,1,31,79,15,34,8,57,8,97,66,2,55,23,74,40,76,5,54,82,98,10,76,27,30,61,84
599,170,Mirzapur,1406,Nagar (City),599,92,46,80,19,47,76,42,63,56,34,73,95,12,93,42,17,70,83,61,57,81,44,95,79,100,7,70,5,68,89,82,37,73,21,6,69,8,47,39,75,53,92,81,44,98,36
600,170,Mirzapur,1407,Narainpur,600,95,44,95,39,60,22,30,70,35,34,41,92,41,92,72,24,63,26,41,77,58,21,62,1,23,30,51,17,27,35,2,23,86,17,57,92,81,40,91,54,96,45,23,59,54,13
601,170,Mirzapur,1408,Pahari,601,61,15,66,25,2,95,20,57,8,55,91,27,34,62,25,46,56,21,56,19,62,25,89,86,14,52,8,88,22,85,24,46,56,7,57,51,14,38,1,6,62,25,90,52,29,53
602,170,Mirzapur,1409,Patehra,602,1,64,41,47,82,96,73,53,1,40,5,85,25,73,91,56,22,43,24,78,41,90,55,79,4,67,35,85,64,81,22,42,92,17,53,100,36,36,85,6,72,52,30,68,83,46
603,170,Mirzapur,1410,Rajgarh,603,41,63,95,21,72,19,39,2,67,24,72,8,74,69,18,66,80,3,39,91,21,71,70,5,97,46,1,64,3,69,20,62,78,3,65,71,37,72,7,29,69,5,40,45,23,59
604,170,Mirzapur,1411,Shikhar,604,8,86,35,56,63,2,82,22,74,36,87,31,55,4,41,40,3,23,73,98,10,58,46,62,26,62,68,4,82,21,100,62,13,53,35,70,36,78,94,92,55,100,58,25,46,26
605,171,Moradabad,1415,Bhagatpur Tanda,605,34,85,1,79,15,81,33,70,51,79,81,30,58,12,86,52,88,33,74,95,57,10,76,12,39,33,84,46,72,64,42,52,84,20,84,47,30,54,90,62,65,86,71,16,6,55
606,171,Moradabad,1416,Bilari,606,74,81,44,65,96,13,49,12,17,80,18,58,51,87,65,95,57,20,59,27,74,9,75,81,44,68,24,26,77,18,29,45,99,49,87,54,17,67,98,49,87,78,45,93,42,83
607,171,Moradabad,1417,Chhajlet,607,77,30,31,49,14,35,89,93,33,83,95,14,65,28,7,58,36,63,82,3,10,56,45,93,29,1,3,99,65,84,61,11,26,16,67,33,45,47,10,65,15,89,55,49,38,86
608,171,Moradabad,1418,Dilari,608,66,8,11,59,28,59,69,20,60,64,27,66,5,82,36,98,11,26,83,91,8,32,94,36,39,64,100,69,61,24,58,85,96,31,7,100,64,27,16,32,90,55,12,86,22,77
609,171,Moradabad,1419,Kundarki,609,48,97,60,2,95,16,66,40,29,77,40,33,98,34,76,65,43,56,81,55,6,65,1,63,29,7,23,44,10,65,29,95,16,69,87,28,41,77,12,70,32,48,61,39,66,70
610,171,Moradabad,1420,Moradabad,610,77,67,16,81,18,73,88,13,76,92,13,48,74,37,44,82,44,36,71,7,46,12,77,40,72,73,9,64,4,79,41,23,39,88,87,40,44,7,24,96,2,41,94,15,18,99
611,171,Moradabad,1421,Munda Pandey,611,17,80,58,88,23,39,74,57,46,80,47,88,4,5,59,8,12,36,48,11,92,41,17,6,72,23,37,44,80,48,84,88,12,54,20,9,57,34,38,1,22,81,85,34,88,86
612,171,Moradabad,1424,Thakurdwara,612,94,50,84,77,55,55,22,96,45,14,53,28,64,73,75,96,52,49,54,3,18,81,86,48,37,87,3,57,47,22,64,19,55,56,95,49,13,2,50,77,55,47,82,46,56,18
613,172,Muzaffarnagar,1425,Baghara,613,98,47,51,91,42,58,12,52,15,67,30,71,20,25,61,29,100,17,51,16,51,87,99,39,56,19,31,97,60,24,81,3,19,99,65,27,63,42,93,9,44,48,26,15,66,93
614,172,Muzaffarnagar,1426,Budhana,614,16,26,69,4,35,84,100,65,43,37,73,60,23,68,5,79,3,58,94,10,9,62,28,21,97,32,41,77,2,65,57,35,61,87,90,40,19,43,59,10,64,80,1,55,9,86
615,172,Muzaffarnagar,1427,Charthawal,615,4,66,74,36,62,98,6,42,81,20,40,93,7,55,44,93,60,34,70,16,78,81,2,59,10,2,17,67,44,33,27,22,25,6,33,80,92,47,87,10,30,57,34,84,36,26
616,172,Muzaffarnagar,1428,Jansath,616,46,20,77,26,51,71,19,82,100,39,52,88,7,51,58,6,73,41,77,28,31,9,72,39,86,26,81,97,11,51,2,4,58,82,45,46,39,74,63,41,71,34,97,28,6,41
617,172,Muzaffarnagar,1431,Khatauli,617,19,75,17,91,45,84,62,64,54,16,67,83,35,84,32,87,42,63,66,38,73,95,88,42,6,42,46,84,61,54,89,44,95,89,38,72,39,43,96,17,58,75,38,5,79,34
618,172,Muzaffarnagar,1432,Morna,618,13,65,53,59,95,16,16,52,33,22,60,10,64,12,24,90,25,43,34,34,50,92,58,92,81,13,64,26,14,44,22,57,36,100,89,5,35,82,93,27,67,88,51,58,86,35
619,172,Muzaffarnagar,1433,Muzaffarnagar,619,16,61,23,45,38,93,29,92,99,62,26,93,31,25,3,95,20,57,97,27,54,89,57,63,26,50,66,6,57,23,71,25,79,51,52,79,19,72,2,54,89,20,25,73,22,26
620,172,Muzaffarnagar,1434,Purkaji,620,59,10,73,28,94,15,31,73,39,63,37,96,4,67,83,96,73,63,20,41,90,99,25,73,9,36,85,7,47,63,41,91,68,44,69,36,9,50,13,67,50,71,37,1,18,66
621,172,Muzaffarnagar,1435,Shahpur,621,71,43,93,41,80,39,75,100,2,44,7,3,5,19,75,38,3,66,20,69,87,11,74,79,19,70,80,11,43,6,41,20,98,34,82,2,66,29,81,34,70,34,54,68,31,59
622,173,Pilibhit,1439,Amariya,622,28,77,40,37,3,98,48,73,9,57,92,71,35,71,76,2,80,32,74,37,88,54,34,68,8,59,3,24,90,7,9,99,20,27,92,31,78,33,14,49,84,28,67,19,8,50
623,173,Pilibhit,1440,Barkhera,623,57,20,21,61,98,15,71,95,58,27,50,85,21,28,82,45,53,73,51,87,81,20,59,22,5,53,89,53,37,58,21,97,41,91,14,98,49,12,36,29,7,21,83,49,98,79
624,173,Pilibhit,1441,Bilsanda,624,50,60,38,77,56,18,54,35,26,63,86,81,44,65,5,99,49,16,37,44,72,21,69,88,54,5,73,24,59,37,40,91,40,65,75,11,59,91,46,83,4,14,64,14,77,19
625,173,Pilibhit,1442,Bisalpur,625,76,39,17,57,35,70,55,76,25,60,44,92,4,66,15,36,99,82,34,83,7,15,65,28,52,20,85,39,83,4,75,31,11,58,98,61,69,82,30,66,90,29,64,82,35,98
626,173,Pilibhit,1443,Lalaurikhera,626,87,82,33,99,75,38,92,41,6,27,67,18,11,63,99,69,36,99,33,49,31,67,14,72,36,99,20,30,66,29,86,61,23,74,21,30,65,31,27,89,23,63,59,97,48,75
627,173,Pilibhit,1444,Marori,627,96,32,58,38,17,67,82,98,80,47,63,98,60,15,95,16,83,47,29,92,17,44,61,1,49,65,43,57,91,20,60,37,66,45,94,45,98,76,39,88,97,60,81,44,42,92
628,173,Pilibhit,1445,Puranpur,628,56,100,54,16,51,31,86,82,20,13,77,40,67,45,81,45,93,13,76,5,11,63,84,41,45,82,6,47,100,36,2,78,27,8,44,38,74,55,70,44,10,46,14,17,15,78
629,174,Pratapgarh,1446,Aspur Deosara,629,79,100,66,6,85,51,72,73,37,76,17,80,47,97,38,39,78,30,57,61,10,61,5,18,68,8,16,1,22,76,57,7,69,85,1,51,92,7,45,23,53,69,77,17,85,74
630,174,Pratapgarh,1447,Baba Belkharnath Dham,630,2,57,50,71,34,64,52,2,23,54,58,21,45,77,40,69,22,96,46,27,53,29,68,31,86,75,26,14,19,59,93,47,51,17,27,52,72,23,85,97,91,57,20,40,61,23
631,174,Pratapgarh,1448,Babaganj,631,19,98,36,41,30,54,88,89,24,59,7,47,55,91,13,70,61,25,16,67,30,81,38,25,61,24,66,82,16,56,26,15,41,4,22,85,24,62,26,7,56,68,84,38,94,17
632,174,Pratapgarh,1449,Bihar,632,96,50,3,78,27,33,69,85,9,99,17,30,78,5,36,75,9,63,30,9,36,71,90,41,6,83,68,17,59,78,74,37,82,86,34,61,27,5,55,33,22,100,36,52,55,6
633,174,Pratapgarh,1450,Gaura,633,38,43,79,17,32,6,69,20,79,56,77,33,84,100,35,1,7,43,9,20,23,1,7,55,44,48,88,9,3,38,43,46,70,33,75,69,92,32,95,2,65,51,17,34,70,46
634,174,Pratapgarh,1451,Kalakankar,634,4,32,73,20,71,49,12,90,40,91,44,39,87,27,55,71,92,46,100,3,40,91,7,58,30,74,38,16,45,8,96,32,4,14,15,54,46,62,83,16,52,70,36,47,10,70
635,174,Pratapgarh,1452,Kunda,635,10,59,75,83,40,62,38,19,46,94,83,49,15,4,58,85,62,65,63,17,68,87,23,48,33,15,78,26,48,12,39,79,53,16,71,10,11,22,93,29,17,80,49,54,68,10
636,174,Pratapgarh,1453,Lakshamanpur,636,36,53,3,24,90,55,8,32,49,99,30,65,54,17,62,25,87,55,33,22,70,100,65,77,16,55,91,8,74,61,23,33,23,73,47,87,29,92,69,18,87,23,16,38,55,38
637,174,Pratapgarh,1454,Lalganj,637,39,66,75,67,2,58,94,28,66,100,19,70,24,45,39,88,29,95,70,33,90,3,5,90,56,61,10,26,62,93,29,71,20,98,57,93,41,44,25,88,37,3,44,71,87,11
638,174,Pratapgarh,1455,Magraura,638,56,30,64,94,72,61,1,13,65,96,26,74,9,18,95,16,32,71,40,63,40,4,68,32,10,25,87,41,58,6,55,64,100,38,77,94,58,87,12,1,70,9,44,37,93,56
639,174,Pratapgarh,1456,Mandhata,639,22,19,71,37,85,75,30,32,95,6,73,53,93,45,81,11,38,79,13,2,11,69,70,83,39,1,78,35,71,35,28,40,3,54,73,35,45,64,15,69,6,98,18,54,5,95
640,174,Pratapgarh,1457,Patti,640,36,72,51,77,55,4,82,35,86,27,16,77,40,48,3,99,65,82,9,72,96,9,64,3,51,40,45,85,47,2,42,19,8,33,74,25,41,56,19,68,49,18,39,57,2,51
641,174,Pratapgarh,1458,Pratapgarh (Sadar),641,19,10,91,56,44,71,52,62,63,93,57,20,9,25,61,25,45,95,58,40,16,65,86,6,47,10,9,11,79,15,82,56,9,90,80,18,54,35,12,23,90,3,34,74,99,36
642,174,Pratapgarh,1459,Rampur Sanramgarh,642,16,38,4,6,48,88,11,55,19,59,59,61,27,77,80,19,58,35,99,41,15,66,10,49,70,73,18,81,2,18,37,86,49,27,81,33,83,89,25,2,73,26,60,74,5,32
643,174,Pratapgarh,1460,Sandwa Chandrika,643,39,57,13,8,71,64,32,82,3,89,40,3,27,57,20,71,64,76,26,29,18,57,70,35,43,80,31,66,99,39,73,89,31,97,32,94,52,2,67,32,76,14,50,97,18,81
644,174,Pratapgarh,1461,Sangipur,644,12,37,73,51,68,33,68,31,3,39,87,90,37,99,95,5,41,5,90,95,32,83,3,28,64,27,1,64,98,38,59,95,43,56,1,64,4,4,31,64,14,81,44,98,60,28
645,174,Pratapgarh,1462,Shivgarh,645,33,89,96,17,66,47,2,65,89,51,97,33,58,47,16,57,91,98,34,12,48,26,92,43,6,85,48,97,2,61,82,19,17,66,14,50,60,85,12,63,80,57,94,72,14,65
646,120,Prayagraj,830,Bahadurpur,646,48,80,16,81,67,88,51,2,12,61,57,22,17,80,15,54,87,45,13,78,28,6,44,11,47,28,77,42,5,18,96,26,52,15,10,51,71,21,5,59,22,43,28,92,27,76
647,120,Prayagraj,831,Bahria,647,42,96,19,11,50,28,64,81,22,73,79,19,67,16,88,51,72,58,55,5,68,49,12,63,12,7,43,95,34,41,76,12,93,47,95,36,81,22,43,8,63,27,93,14,21,72
648,120,Prayagraj,7359,Bhagwatpur,648,56,50,13,63,29,95,18,99,35,27,65,31,51,86,37,74,18,67,91,28,23,89,25,60,69,97,60,62,28,92,28,12,33,96,60,43,91,5,53,42,77,40,59,37,47,98
649,120,Prayagraj,832,Chaka,649,30,92,13,57,70,35,97,65,28,79,28,98,34,99,44,83,17,30,89,25,72,12,20,57,96,44,24,90,57,69,59,13,76,6,27,93,95,2,26,76,54,36,76,97,37,71
650,120,Prayagraj,833,Dhanupur,650,76,12,10,50,84,38,27,8,44,33,99,50,13,78,44,90,34,53,74,37,92,59,7,42,89,40,90,37,95,73,11,53,56,6,46,51,52,1,55,99,94,60,11,4,69,94
651,120,Prayagraj,834,Handia,651,47,9,44,83,5,43,6,95,98,75,15,54,42,98,70,71,34,74,51,21,45,8,50,66,90,40,67,74,37,58,88,70,80,20,13,53,18,44,23,59,36,66,54,17,68,89
652,120,Prayagraj,835,Holagarh,652,59,8,50,70,90,27,63,12,77,89,8,33,82,25,36,14,49,7,68,4,85,2,52,1,21,36,57,24,51,68,8,29,83,87,31,65,58,24,75,29,16,56,33,34,38,75
653,120,Prayagraj,836,Jasra,653,16,5,53,66,34,37,62,24,66,60,96,59,76,52,15,27,21,85,20,74,52,14,53,83,84,22,27,20,28,91,22,52,88,22,57,35,98,23,76,81,32,100,74,36,91,31
654,120,Prayagraj,837,Karchhana,654,54,92,73,89,23,60,32,95,43,82,37,53,11,63,66,83,49,98,14,65,5,45,19,86,36,90,42,91,62,98,17,38,15,1,37,84,11,46,95,90,47,36,16,56,81,71
655,120,Prayagraj,838,Kaudhiyara,655,5,17,39,88,30,93,44,7,99,92,39,75,29,33,82,30,60,93,4,46,95,99,62,29,4,53,7,61,35,98,52,68,62,87,40,91,94,19,82,13,53,15,40,7,85,14
656,120,Prayagraj,839,Kaurihar,656,72,36,2,14,4,46,14,64,38,4,20,5,83,32,22,27,67,87,28,62,100,39,75,68,32,59,11,100,77,18,6,69,97,54,45,54,11,62,78,99,56,20,83,50,98,14
657,120,Prayagraj,840,Koraon,657,1,39,53,84,20,13,1,37,85,21,22,94,39,2,50,17,43,8,24,48,38,16,83,10,46,62,16,44,78,71,48,52,1,67,31,22,14,64,91,55,49,70,23,78,93,43
658,120,Prayagraj,841,Manda,658,15,22,85,97,46,81,91,44,68,85,72,37,16,52,20,59,47,10,37,92,81,15,72,23,39,38,30,33,84,40,61,29,83,23,71,61,26,68,92,96,62,39,29,80,94,45
659,120,Prayagraj,842,Mauaima,659,84,62,99,16,56,68,31,35,1,64,85,78,29,83,19,12,17,27,46,67,8,85,78,100,27,7,10,31,85,26,9,86,10,26,77,30,29,31,94,39,2,76,17,74,10,11
660,120,Prayagraj,843,Meja,660,21,76,53,93,33,10,100,61,27,28,91,21,69,72,22,53,75,93,38,87,50,1,92,43,45,96,23,1,67,8,33,69,5,32,54,93,11,1,22,42,52,7,73,47,10,52
661,120,Prayagraj,844,Phulpur,661,89,39,93,43,63,84,26,81,93,32,67,33,51,89,40,29,7,47,71,62,5,71,8,95,48,3,40,14,7,49,39,1,90,53,71,3,51,87,95,22,57,19,12,17,53,31
662,120,Prayagraj,845,Pratappur,662,9,72,93,9,76,14,30,55,31,84,86,3,39,1,8,62,96,32,41,5,52,45,9,65,78,80,6,70,14,88,16,70,33,36,84,50,28,91,8,58,89,15,82,77,79,51
663,120,Prayagraj,7360,Sahson,663,59,48,16,30,64,80,7,10,46,8,2,53,71,82,49,98,76,33,54,17,34,65,87,22,42,20,72,73,55,32,68,72,13,64,26,93,32,81,35,51,100,42,46,87,49,73
664,120,Prayagraj,846,Saidabad,664,25,91,26,19,87,23,8,60,100,78,17,18,45,9,50,53,16,56,87,26,25,88,92,45,70,19,9,32,95,18,48,29,65,40,70,33,97,86,29,39,16,9,34,97,50,71
665,120,Prayagraj,847,Shankargarh,665,39,88,93,50,73,35,67,17,79,54,11,61,85,89,16,93,30,49,50,86,68,84,32,81,63,16,37,81,70,25,88,87,95,46,13,47,64,4,55,71,96,35,13,76,18,54
666,120,Prayagraj,848,Soraon,666,58,85,33,72,77,40,64,29,24,87,100,34,78,32,95,69,100,65,100,17,32,96,61,18,66,2,57,77,12,49,41,10,45,80,99,17,80,5,12,61,11,78,54,16,71,73
667,120,Prayagraj,7361,Sringverpur Dham,667,34,97,26,69,3,62,96,23,45,84,95,57,94,45,99,63,29,50,93,45,11,87,99,65,18,3,37,51,28,8,74,95,45,81,17,64,53,26,77,98,82,18,96,45,14,77
668,120,Prayagraj,849,Uruwan,668,88,53,19,68,42,48,47,9,74,94,42,78,71,15,64,12,96,73,9,35,28,79,42,81,9,10,65,74,94,58,12,79,42,66,29,24,73,25,34,93,32,97,76,12,67,25
669,175,Rae Bareli,1463,Amawan,669,52,16,84,49,9,48,26,19,40,6,57,38,62,12,75,6,74,70,63,44,80,28,8,48,90,26,21,57,35,84,65,28,79,89,25,60,100,95,57,79,45,53,63,29,33,18
670,175,Rae Bareli,1464,Bachharawan,670,81,28,86,86,22,71,6,42,19,77,25,74,28,35,56,96,32,41,3,30,73,98,65,99,56,19,73,36,89,28,6,42,34,75,13,57,96,44,80,88,28,49,12,11,96,45
671,175,Rae Bareli,1466,Chhatoh,671,48,2,88,9,2,83,19,56,26,89,54,70,21,32,9,92,27,90,25,25,61,95,54,36,99,20,41,90,41,7,72,35,63,12,5,40,9,50,27,78,14,73,9,60,31,1
672,175,Rae Bareli,1467,Dalmau,672,63,15,54,18,81,80,86,37,3,53,18,60,11,65,52,91,69,60,26,47,97,18,35,83,93,20,69,91,44,37,89,38,43,6,57,19,62,11,74,21,37,58,8,76,65,13
673,175,Rae Bareli,1468,Deenshah Gaura,673,3,34,83,5,35,66,2,36,83,8,71,10,2,51,4,61,10,72,27,67,83,4,22,53,2,54,90,12,27,90,15,4,85,21,60,26,91,54,55,21,57,96,31,52,15,56
674,175,Rae Bareli,1469,Dih,674,5,41,4,1,67,88,28,37,73,21,47,67,31,67,73,9,87,29,6,69,94,29,18,52,15,60,50,71,37,83,18,83,98,89,53,92,31,20,98,11,36,53,14,92,9,36
675,175,Rae Bareli,1470,Harchandpur,675,21,75,48,11,51,70,35,59,13,17,66,17,18,34,89,51,76,65,21,57,87,4,69,22,89,37,73,28,47,68,31,50,66,15,66,85,36,73,88,91,69,27,84,32,82,63
676,175,Rae Bareli,1471,Jagatpur,676,14,50,27,68,20,82,18,90,79,16,84,88,50,71,29,31,56,22,34,50,92,31,70,35,1,80,82,30,70,12,1,52,2,43,59,73,21,63,70,33,82,98,49,98,51,29
677,175,Rae Bareli,1472,Khiron,677,30,20,81,21,98,25,41,66,89,57,50,98,27,91,85,6,96,89,66,93,5,99,49,12,27,30,95,14,77,51,100,9,98,20,59,13,30,66,18,44,74,13,39,1,5,72
678,175,Rae Bareli,1473,Lalganj,678,44,46,97,54,75,91,20,96,12,33,100,41,18,69,5,75,65,31,56,44,78,14,89,92,46,83,95,14,50,7,70,22,84,26,93,80,16,6,88,73,7,38,69,7,23,59
679,175,Rae Bareli,1474,Mahrajganj,679,60,96,35,29,81,22,46,62,13,67,6,67,30,12,28,49,98,44,13,76,91,54,71,85,24,59,90,30,91,82,21,99,28,15,82,23,60,38,100,63,14,33,28,18,26,76
680,175,Rae Bareli,1475,Rahi,680,37,100,81,44,6,95,78,5,53,20,84,37,73,78,13,43,9,83,23,2,21,47,59,25,29,92,17,56,61,97,54,75,78,55,96,100,35,8,79,53,94,21,98,1,25,79
681,175,Rae Bareli,1476,Rohania,681,43,64,21,70,75,37,52,89,7,76,24,13,76,95,44,45,84,30,67,45,94,36,99,91,69,18,100,63,74,37,45,94,22,46,62,13,53,4,92,97,37,53,87,14,95,58
682,175,Rae Bareli,1477,Salon,682,56,21,40,61,15,28,59,8,20,86,90,27,44,94,10,88,32,80,30,1,37,39,75,31,70,59,10,39,17,20,45,8,12,79,5,40,33,6,60,81,100,58,93,34,8,98
683,175,Rae Bareli,1478,Sareni,683,83,86,16,68,4,23,86,22,52,66,5,54,61,24,36,1,45,100,63,87,3,82,22,9,45,99,53,69,78,8,88,77,16,55,19,9,99,46,36,100,57,52,68,22,78,27
684,175,Rae Bareli,1479,Sataon,684,86,4,67,42,84,65,1,91,6,69,33,22,1,37,42,59,84,47,38,10,20,55,74,16,79,99,93,70,21,40,61,15,79,48,87,23,11,15,55,81,16,48,11,62,65,90
685,175,Rae Bareli,1480,Shivgarh,685,66,17,6,98,61,13,75,19,85,88,100,62,91,7,32,49,27,16,83,4,7,78,17,65,28,100,49,71,86,16,94,18,95,85,37,75,92,16,79,86,39,61,10,18,45,93
686,175,Rae Bareli,1483,Unchahar,686,68,14,63,10,77,46,82,16,36,14,53,45,84,34,62,81,67,30,84,87,40,61,27,6,85,36,25,94,29,70,58,84,65,1,2,29,93,56,30,26,62,54,10,31,94,99
687,176,Rampur,1484,Bilaspur,687,10,49,39,81,47,68,70,39,53,1,89,47,11,26,32,69,46,49,64,27,77,71,98,32,95,2,56,53,19,65,1,63,41,69,55,94,96,22,100,39,1,55,96,74,91,25
688,176,Rampur,1485,Chamraon,688,1,17,31,93,33,78,14,39,55,96,46,97,61,91,46,9,89,25,6,16,45,84,49,64,91,17,53,70,27,48,13,85,48,20,41,88,39,1,53,93,71,7,26,38,62,45
689,176,Rampur,1486,Milak,689,94,30,7,10,99,64,100,26,61,96,59,68,8,29,48,89,39,80,54,9,74,13,5,15,81,32,62,10,49,54,81,32,82,1,64,3,25,18,73,36,56,100,29,78,94,9
690,176,Rampur,1487,Saidnagar,690,9,72,61,1,78,67,21,46,97,93,32,80,93,2,68,63,26,46,24,73,47,78,31,94,63,12,74,26,10,31,80,61,100,48,61,78,35,71,22,2,54,93,28,34,85,51
691,176,Rampur,1488,Shahabad,691,77,26,77,43,8,71,35,48,92,13,79,54,3,29,64,86,22,88,22,77,58,94,41,72,26,91,30,96,32,96,3,28,87,38,48,83,18,81,90,55,90,73,51,86,34,92
692,176,Rampur,1489,Suar,692,42,78,70,9,87,11,79,42,93,56,16,25,88,42,87,8,58,57,93,56,80,87,51,87,13,92,70,10,27,89,3,3,83,18,84,34,15,40,3,52,47,13,36,54,8,58
693,177,Saharanpur,1490,Ballia Kheri,693,26,33,84,26,41,77,58,94,86,99,41,4,84,35,71,35,20,43,5,37,3,52,48,58,9,71,6,89,41,77,66,33,82,60,54,2,38,19,12,33,96,10,31,80,5,61
694,177,Saharanpur,1491,Deoband,694,49,44,10,3,54,17,34,25,89,6,34,70,33,87,55,3,42,19,100,34,76,18,34,73,21,52,80,42,63,70,47,96,59,2,67,17,58,62,98,50,70,33,67,3,28,38
695,177,Saharanpur,1492,Gangoh,695,9,54,20,41,4,61,39,88,9,99,50,13,2,4,67,18,65,86,10,90,70,18,54,13,5,41,92,19,50,22,46,64,15,81,16,95,58,88,42,16,83,47,73,67,88,51
696,177,Saharanpur,1493,Muzaffarabad,696,18,66,5,74,37,3,38,55,10,49,71,64,21,84,95,11,25,89,43,20,83,34,55,89,25,88,88,51,86,12,43,79,27,57,74,12,51,79,15,80,39,87,50,4,58,60
697,177,Saharanpur,1494,Nagal,697,67,9,3,24,73,45,34,74,73,27,44,80,31,48,100,41,66,82,18,99,26,88,54,5,58,32,99,22,76,44,66,19,37,50,98,25,44,95,44,83,49,27,63,97,47,98
698,177,Saharanpur,1495,Nakur,698,46,50,86,80,96,21,58,76,96,45,66,20,2,64,98,29,60,96,88,40,89,67,97,98,34,89,29,4,89,28,97,73,100,90,94,57,81,22,12,66,28,41,43,24,34,73
699,177,Saharanpur,1496,Nanauta,699,48,3,43,43,57,35,41,29,95,73,63,3,51,91,95,61,82,10,17,67,29,43,63,88,64,69,5,5,32,25,60,95,67,57,5,47,75,91,12,6,95,59,99,11,28,78
700,177,Saharanpur,1497,Puwarka,700,90,82,19,70,27,1,28,5,36,13,49,6,71,59,7,48,79,28,53,7,10,51,87,12,30,85,61,81,75,39,3,19,43,6,35,27,76,11,82,74,83,37,76,7,43,5
701,177,Saharanpur,1498,Rampur Maniharan,701,36,99,10,73,66,7,98,50,12,63,3,8,46,74,28,44,78,5,86,50,97,64,82,44,80,22,8,74,32,53,68,19,51,100,74,40,19,34,33,82,51,42,8,20,69,78
702,177,Saharanpur,1499,Sadauli Qadeem,702,83,12,43,92,7,22,11,92,18,53,69,98,88,62,28,70,21,15,36,89,53,46,94,21,61,88,37,12,5,83,86,37,40,90,44,83,58,8,53,16,89,52,34,11,76,91
703,177,Saharanpur,1500,Sarsawan,703,89,5,40,81,91,27,81,5,8,59,90,37,26,91,48,69,59,98,6,8,29,86,11,27,52,14,77,81,21,33,82,17,53,30,97,60,15,51,55,91,59,73,61,23,65,19
704,659,Sambhal,1412,Asmauli,704,91,6,57,54,74,28,93,61,52,73,92,43,83,31,97,75,2,68,56,91,38,76,77,54,31,46,41,99,35,52,15,30,93,71,37,62,100,17,98,35,23,62,31,66,67,68
705,659,Sambhal,1413,Bahjoi,705,22,11,59,67,44,21,46,99,50,66,98,33,70,77,67,88,91,72,73,36,13,76,31,90,70,97,75,14,2,92,28,36,72,98,64,68,30,20,83,87,29,95,16,6,75,25
706,659,Sambhal,1414,Baniyakhera,706,61,15,43,9,71,35,15,4,53,93,21,37,73,17,53,71,2,22,85,90,83,32,81,70,11,74,62,94,71,82,1,13,62,40,32,82,18,52,1,13,76,43,13,50,75,90
707,659,Sambhal,1004,Gunnaur,707,29,50,23,63,14,77,54,8,46,85,86,50,13,20,44,83,24,55,82,16,82,60,37,76,23,26,5,45,19,82,29,78,95,84,46,97,100,42,78,56,22,12,47,24,5,33
708,659,Sambhal,1007,Junawai,708,89,83,77,98,14,43,98,48,22,79,30,93,44,84,47,98,17,66,15,26,52,1,59,78,33,43,94,84,52,2,26,16,95,63,52,77,40,94,84,96,62,26,3,57,55,18
709,659,Sambhal,1422,Panwasa,709,76,23,63,94,94,61,95,84,92,31,6,47,100,63,38,91,30,69,85,100,63,36,68,94,30,46,91,53,88,54,23,59,7,99,54,17,33,61,98,62,81,93,17,72,87,28
710,659,Sambhal,1010,Rajpura,710,25,29,60,81,30,64,92,54,75,69,24,62,13,30,8,21,9,62,98,79,91,90,56,7,23,37,3,53,58,24,45,62,16,56,78,67,24,75,24,18,32,97,33,64,14,65
711,659,Sambhal,1423,Sambhal,711,58,10,46,10,53,78,41,19,76,25,46,62,7,44,81,64,42,78,40,20,92,69,61,100,36,100,94,6,71,10,32,81,80,42,74,37,61,64,92,46,96,70,12,93,30,96
712,178,Sant Kabir Nagar,1501,Baghauli,712,5,60,62,3,39,94,74,9,75,26,69,82,31,33,74,41,62,45,99,71,34,99,65,16,39,71,7,85,74,31,40,78,3,39,87,36,8,71,92,58,62,27,89,41,95,48
713,178,Sant Kabir Nagar,1502,Belhar Kala,713,20,40,2,27,47,59,10,88,71,93,29,95,4,39,87,27,59,8,33,71,15,78,91,70,32,87,50,14,55,19,55,98,23,86,70,10,58,94,15,42,76,13,96,74,10,44
714,178,Sant Kabir Nagar,1503,Hainsar Bazar,714,16,56,77,84,23,87,50,29,92,45,39,90,26,88,61,24,58,94,42,77,99,39,84,49,85,80,90,54,21,86,48,99,65,33,54,20,71,16,51,52,74,9,75,97,90,45
715,178,Sant Kabir Nagar,1504,Khalilabad,715,43,22,100,50,74,55,91,72,7,86,49,3,23,44,10,59,54,40,38,1,9,49,96,32,17,68,19,47,87,65,100,70,19,70,33,16,64,87,29,36,59,22,57,80,43,67
716,178,Sant Kabir Nagar,1505,Mehdawal,716,100,65,99,94,71,7,70,38,87,65,79,70,6,71,37,4,41,3,61,10,32,98,67,29,54,3,10,61,27,15,18,99,35,63,99,40,4,71,22,58,36,94,28,93,34,54
717,178,Sant Kabir Nagar,1506,Nath Nagar,717,49,98,67,34,57,10,28,67,4,6,72,23,72,64,77,55,14,24,60,96,65,31,79,29,64,26,47,88,67,32,95,19,28,53,19,44,33,84,38,55,90,29,7,87,35,74
718,178,Sant Kabir Nagar,1507,Pauli,718,33,69,17,56,77,27,26,81,85,48,87,12,3,57,20,22,93,74,10,91,16,80,36,25,76,86,55,47,81,44,61,16,52,87,97,50,100,12,5,54,6,63,36,99,28,58
719,178,Sant Kabir Nagar,1508,Santha,719,18,81,23,42,51,87,48,84,32,82,56,19,55,97,86,73,36,25,41,92,58,88,9,49,93,9,44,83,51,15,81,2,42,73,12,60,38,19,71,82,99,38,90,30,8,70
720,178,Sant Kabir Nagar,1509,Semariyawan,720,88,63,3,52,94,10,34,97,52,18,66,3,46,2,74,87,79,57,93,19,38,63,26,55,57,6,57,80,1,64,9,11,74,95,26,18,67,18,45,76,90,82,69,6,87,13
721,180,Shahjahanpur,1516,Banda,721,99,65,59,34,96,32,4,81,2,68,10,26,60,73,50,54,22,71,73,28,64,3,92,58,22,49,27,63,41,81,61,24,77,96,19,54,7,14,51,73,29,47,83,46,63,53
722,180,Shahjahanpur,1517,Bhawal Khera,722,65,3,96,74,2,43,31,66,71,64,12,35,80,19,40,3,33,25,87,4,68,72,21,99,63,26,80,33,21,57,12,39,40,81,24,87,53,1,65,82,48,69,23,4,67,17
723,180,Shahjahanpur,1518,Dadrol,723,58,9,75,61,63,44,80,36,10,51,6,42,46,5,10,76,11,74,100,34,71,5,38,43,5,17,83,86,11,4,79,41,5,23,98,34,93,44,47,94,25,77,66,17,94,98
724,180,Shahjahanpur,1519,Jaitipur,724,73,90,26,43,6,58,74,98,65,5,81,44,12,75,36,75,44,80,96,20,71,2,41,89,16,36,76,88,51,43,21,61,82,63,14,4,81,31,94,15,31,52,92,73,63,85
725,180,Shahjahanpur,1520,Jalalabad,725,87,95,45,83,19,27,63,88,55,59,21,7,86,37,79,46,20,82,1,51,67,88,45,96,72,23,87,18,56,13,48,11,79,6,54,56,11,38,59,78,15,6,24,23,77,27
726,180,Shahjahanpur,1521,Kalan,726,53,92,84,62,29,41,90,21,60,99,9,51,15,42,89,82,63,13,91,53,95,58,25,59,12,67,83,3,44,99,88,68,92,9,72,77,25,14,91,22,56,46,85,54,90,80
727,180,Shahjahanpur,1522,Kanth,727,96,62,10,73,3,69,85,34,74,78,50,92,28,44,73,26,60,49,31,59,7,74,66,29,18,69,96,34,54,75,28,66,86,9,23,90,94,84,18,85,63,89,55,30,79,47
728,180,Shahjahanpur,1523,Khudaganj Katra,728,76,11,80,29,7,69,71,52,43,68,54,8,98,46,13,15,66,20,44,34,98,28,78,67,21,50,99,100,67,44,21,46,87,37,53,93,31,83,65,18,39,2,9,86,23,1
729,180,Shahjahanpur,1524,Khutar,729,82,44,79,68,51,87,3,27,67,68,34,75,11,75,95,6,69,83,13,90,11,31,81,9,34,38,92,43,9,57,85,66,2,3,67,33,24,60,2,38,71,12,10,73,77,34
730,180,Shahjahanpur,1525,Madnapur,730,31,33,50,15,36,53,8,47,32,81,74,25,28,76,8,59,49,6,40,76,7,11,59,9,16,6,27,21,49,1,64,42,95,46,86,74,1,64,18,33,70,9,40,69,17,56
731,180,Shahjahanpur,1526,Mirzapur,731,85,49,96,91,59,9,30,23,88,51,89,77,31,59,22,96,73,56,45,73,98,60,78,5,56,92,97,27,61,11,1,11,21,9,66,17,80,54,85,34,85,5,16,79,44,10
732,180,Shahjahanpur,1527,Nigohi,732,98,61,65,22,57,67,30,89,37,39,84,21,57,62,88,53,16,67,21,72,40,70,91,54,35,89,24,63,81,8,48,69,71,40,81,29,20,1,51,25,79,18,95,72,87,50
733,180,Shahjahanpur,1528,Powayan,733,31,42,92,32,36,89,14,99,17,23,71,7,50,5,54,29,59,37,73,61,17,68,5,91,39,88,39,73,68,31,38,79,42,63,56,97,47,100,80,58,94,34,49,85,66,55
734,180,Shahjahanpur,1529,Sindhauli,734,7,45,11,13,76,12,69,83,4,70,74,28,64,4,85,35,2,23,53,30,44,45,72,38,2,91,10,33,11,4,28,91,42,63,99,33,49,94,57,52,65,29,65,28,96,33
735,180,Shahjahanpur,1530,Tilhar,735,45,39,78,56,91,98,33,69,46,66,14,63,45,99,20,85,68,33,69,93,1,51,100,52,43,6,47,63,88,26,7,62,10,49,13,20,56,81,17,62,28,49,65,86,49,99
736,660,Shamli,1429,Kairana,736,38,88,55,3,45,49,85,92,13,79,17,97,48,85,62,92,91,54,36,17,53,87,71,22,85,6,3,53,4,44,46,9,75,58,6,16,82,77,27,74,14,10,46,97,46,78
737,660,Shamli,1430,Kandhla,737,53,1,59,23,8,33,76,29,69,63,84,46,1,8,16,55,33,13,76,100,50,84,23,72,51,3,69,64,71,10,88,38,2,43,94,39,64,13,76,48,11,32,81,6,42,90
738,660,Shamli,1436,Shamli,738,20,75,24,72,75,56,65,100,10,61,26,43,68,17,68,79,100,62,26,84,47,68,34,29,68,93,10,87,23,90,68,78,59,95,87,36,90,53,94,61,97,42,4,29,66,83
739,660,Shamli,1437,Thana Bhawan,739,35,74,17,91,31,52,45,23,63,10,64,31,95,24,25,64,42,46,70,33,84,91,30,38,89,87,50,73,13,22,57,20,26,88,52,88,58,94,71,11,89,54,67,36,48,82
740,660,Shamli,1438,Un,740,85,97,92,78,8,25,88,9,30,80,30,81,61,24,75,15,96,32,13,39,40,54,18,49,85,36,72,54,21,42,97,2,68,17,3,23,73,36,51,91,42,78,89,10,83,52
741,181,Shrawasti,1531,Ekona,741,55,91,91,85,11,74,1,10,45,80,33,41,3,99,46,95,45,9,77,16,80,11,11,35,98,43,19,67,6,65,1,35,76,72,35,75,13,16,44,7,19,35,89,61,78,3
742,181,Shrawasti,1532,Gilaula,742,71,47,35,71,51,42,5,32,72,3,39,64,91,8,75,95,49,16,93,43,45,11,51,5,56,6,68,10,30,50,74,46,35,83,19,66,6,42,84,73,51,1,16,28,79,45
743,181,Shrawasti,1533,Hariharpur Rani,743,64,36,87,18,92,55,19,49,65,60,56,60,10,58,87,93,29,95,20,9,87,13,26,29,83,75,50,13,26,81,97,22,84,26,19,54,90,43,51,16,78,44,44,80,19,12
744,181,Shrawasti,1534,Jamunaha,744,15,53,54,93,71,11,85,26,77,30,23,57,20,64,57,78,55,89,25,88,78,81,45,81,23,12,64,3,31,47,83,91,54,89,55,97,13,34,100,14,18,7,21,84,1,15
745,181,Shrawasti,1535,Sirsiya,745,1,17,70,26,61,24,5,69,70,19,73,27,90,41,77,33,51,75,3,54,60,10,58,74,2,66,91,83,61,97,50,4,54,22,61,62,99,81,84,5,68,20,51,75,99,55
746,182,Siddharthnagar,1536,Bansi,746,33,54,94,88,38,94,18,35,99,25,51,40,3,84,87,35,48,17,6,43,87,38,28,67,6,55,60,25,74,64,18,67,21,96,64,80,29,33,69,38,96,90,24,88,22,58
747,182,Siddharthnagar,1537,Barhni,747,9,73,67,88,79,67,49,98,86,5,56,10,44,37,74,15,81,56,5,97,64,12,41,7,25,61,99,13,44,93,8,71,75,15,79,67,29,76,39,88,76,31,67,83,7,61
748,182,Siddharthnagar,1538,Bhanwapur,748,2,50,80,58,47,81,13,49,79,19,94,99,27,81,2,18,57,12,62,14,77,19,68,72,8,75,82,45,70,6,40,51,89,28,46,9,35,87,50,37,33,7,70,11,51,54
749,182,Siddharthnagar,1539,Birdpur,749,42,93,13,34,48,29,18,81,92,59,51,86,28,64,97,74,99,89,12,84,20,7,70,90,52,26,92,33,86,79,28,91,8,47,86,22,15,66,29,77,69,47,48,1,4,82
750,182,Siddharthnagar,1540,Domariyaganj,750,55,57,70,27,90,68,58,9,3,52,63,26,34,97,22,35,66,82,45,70,72,51,91,92,28,83,49,97,60,90,68,73,84,51,76,92,43,93,32,82,13,34,37,18,45,93
751,182,Siddharthnagar,1541,Itwa,751,32,77,26,27,64,36,73,35,92,43,6,95,74,97,1,68,79,29,47,60,16,37,57,98,47,95,62,67,3,23,57,83,39,28,69,18,73,11,97,63,99,17,7,31,21,72
752,182,Siddharthnagar,1542,Jogia,752,37,76,92,70,34,85,34,3,42,45,72,13,77,66,5,44,9,86,38,100,4,67,97,34,24,69,32,53,55,27,37,100,78,68,32,21,47,98,76,69,94,56,92,1,28,62
753,182,Siddharthnagar,1543,Khesraha,753,43,99,20,57,50,5,67,89,8,60,10,14,43,6,57,38,63,99,80,69,8,57,86,1,65,16,7,62,3,24,40,81,48,97,45,2,76,38,26,93,73,36,93,14,63,94
754,182,Siddharthnagar,1544,Khuniyaon,754,80,96,27,67,91,54,43,89,25,59,76,20,83,4,98,64,15,31,46,9,48,40,79,14,77,85,99,47,86,47,83,17,11,52,15,77,78,18,69,9,83,37,91,43,86,85
755,182,Siddharthnagar,1545,Lotan,755,73,89,15,50,33,24,87,11,14,83,19,70,33,88,41,62,79,6,63,12,14,80,31,47,36,85,48,52,9,30,80,88,17,65,1,70,34,44,49,76,53,3,80,8,59,25
756,182,Siddharthnagar,1546,Mithwal,756,66,16,67,60,72,35,99,84,47,68,8,40,90,37,17,86,96,62,49,76,54,95,61,11,65,28,30,93,32,23,77,1,64,68,31,58,94,1,55,18,52,47,24,60,61,92
757,182,Siddharthnagar,1547,Naugarh,757,95,31,34,73,51,54,65,31,57,73,5,39,2,84,24,46,95,56,92,55,7,60,25,61,58,94,72,86,64,27,63,43,60,69,58,61,15,36,4,72,23,89,10,17,81,20
758,182,Siddharthnagar,1548,Shoharatgarh,758,36,99,49,15,94,30,85,21,50,99,53,69,58,11,47,55,18,42,5,74,40,89,11,54,8,45,33,65,43,79,86,84,34,34,17,65,1,65,86,7,70,55,33,83,81,88
759,182,Siddharthnagar,1549,Uska Bazar,759,13,34,29,96,21,83,51,14,79,14,84,20,70,24,54,2,40,39,76,10,76,71,34,47,95,88,39,5,26,44,100,50,79,100,66,17,85,36,72,49,29,95,4,40,4,40
760,183,Sitapur,1550,Ailiya,760,98,6,47,68,31,49,31,80,19,85,36,86,65,4,67,92,2,23,72,33,72,94,30,40,5,41,88,46,24,73,97,4,78,42,36,71,34,88,95,16,56,20,100,63,87,50
761,183,Sitapur,1551,Behta,761,82,30,69,91,27,61,28,82,61,1,30,66,17,57,22,85,24,89,95,94,57,8,3,54,90,8,62,25,59,39,20,79,1,84,48,11,40,44,55,19,66,87,50,100,84,34
762,183,Sitapur,1552,Biswan,762,94,26,93,13,63,62,98,60,81,92,44,56,98,87,64,14,19,56,92,73,53,87,50,4,85,8,75,15,19,82,80,46,10,50,98,77,18,69,18,12,51,29,56,34,84,35
763,183,Sitapur,1553,Gondlamau,763,91,39,78,7,23,48,10,42,91,19,40,47,1,64,91,58,36,71,25,3,52,30,24,72,7,72,82,3,42,72,26,75,96,53,31,94,18,49,11,62,28,68,19,100,27,28
764,183,Sitapur,1554,Hargaon,764,38,66,62,10,46,18,6,15,81,10,26,62,14,18,68,35,56,65,29,68,96,70,36,87,27,29,42,19,36,25,59,88,97,33,80,20,28,91,12,43,32,96,59,64,27,54
765,183,Sitapur,1555,Kasmanda,765,17,9,72,23,67,67,16,85,65,13,49,4,97,33,81,11,42,91,90,34,86,49,80,67,4,58,12,86,35,39,65,56,80,43,90,26,77,78,9,48,83,36,25,81,16,42
766,183,Sitapur,1556,Khairabad,766,22,88,100,90,30,94,47,22,77,56,33,84,19,73,77,43,52,79,13,49,97,37,19,83,47,52,87,51,28,80,42,93,50,52,73,14,56,74,8,75,6,16,82,94,96,74
767,183,Sitapur,1557,Laharpur,767,62,29,7,56,71,87,23,88,92,80,43,90,53,27,67,44,48,11,35,89,81,20,68,94,11,65,7,29,44,22,85,73,39,64,18,10,58,7,49,42,65,19,74,76,39,87
768,183,Sitapur,1558,Machhrehta,768,8,71,97,33,67,3,55,32,81,59,86,90,100,65,24,98,61,88,68,45,66,60,64,27,61,65,81,55,21,35,38,93,19,67,57,23,14,78,29,65,33,36,60,16,41,60
769,183,Sitapur,1559,Mahmudabad,769,55,96,100,65,54,17,22,61,15,36,29,80,57,58,97,75,2,97,32,59,36,28,76,91,45,61,82,95,87,25,89,4,22,73,13,64,27,90,35,98,86,22,4,93,41,81
770,183,Sitapur,1560,Maholi,770,75,64,86,53,84,21,35,1,79,42,72,7,23,73,30,25,28,9,72,89,11,43,7,96,47,74,74,41,75,29,65,99,35,97,91,43,97,18,37,87,3,69,43,6,61,100
771,183,Sitapur,1561,Misrikh,771,25,79,29,48,83,97,75,42,90,68,76,39,66,91,80,44,98,22,38,63,20,69,44,36,90,3,38,67,45,35,97,12,36,67,6,44,81,98,68,89,5,44,13,62,14,77
772,183,Sitapur,1562,Pahala,772,95,69,18,75,14,3,28,82,46,35,86,87,52,59,37,84,73,29,55,90,9,60,14,49,28,100,44,10,84,75,3,5,68,80,46,50,74,15,51,83,18,77,12,75,84,97
773,183,Sitapur,1563,Parsendi,773,31,89,51,50,53,17,98,1,21,52,3,19,54,84,47,27,84,5,55,85,52,100,63,29,7,43,44,83,26,77,55,9,60,22,89,51,13,21,84,96,45,53,89,43,69,63
774,183,Sitapur,1564,Pisawan,774,88,10,2,67,96,31,50,51,29,68,69,46,97,90,11,65,4,22,77,98,39,43,83,34,93,8,64,27,15,51,23,59,36,66,31,93,82,24,60,99,18,67,29,33,77,91
775,183,Sitapur,1565,Rampur Mathura,775,74,78,60,80,83,38,65,30,4,61,25,61,40,67,44,94,72,62,72,6,42,69,32,62,90,11,77,80,21,84,8,99,90,29,31,59,22,51,53,92,31,9,98,14,41,92
776,183,Sitapur,1566,Reusa,776,71,19,45,37,90,15,77,81,59,25,75,29,83,46,33,60,16,51,67,83,32,9,99,74,12,30,87,8,70,37,6,55,76,95,37,74,98,1,93,44,64,50,99,57,47,85
777,183,Sitapur,1567,Sakran,777,20,89,29,77,13,47,74,8,49,52,6,42,93,25,50,17,91,44,9,48,38,50,39,90,92,31,70,24,41,7,41,30,99,13,60,63,8,71,91,85,12,78,19,24,87,37
778,183,Sitapur,1568,Sidhauli,778,59,77,41,93,36,60,84,15,45,92,28,46,77,13,61,53,24,73,95,15,66,52,44,69,32,61,77,88,38,19,1,38,62,25,70,6,57,20,89,28,63,78,83,64,76,55
779,184,Sonbhadra,1569,Babhani,779,90,55,30,83,97,63,70,91,57,8,12,64,99,15,57,23,57,21,93,31,79,95,49,86,22,54,89,54,70,59,22,73,92,34,55,18,91,53,88,27,86,99,39,14,54,31
780,184,Sonbhadra,1570,Chatra,780,2,22,74,23,1,54,90,68,28,62,25,79,86,7,56,96,28,91,15,31,9,22,72,52,15,69,18,85,24,1,37,53,19,69,60,90,40,89,84,50,45,86,84,33,96,17
781,184,Sonbhadra,1571,Chopan,781,76,38,73,53,34,70,33,12,61,39,28,72,8,47,57,78,41,77,1,47,69,34,66,29,64,23,86,37,3,68,17,95,8,100,36,2,66,83,9,47,46,96,20,82,52,18
782,184,Sonbhadra,1572,Dudhi,782,25,18,69,32,56,37,2,41,4,69,31,59,9,38,79,57,37,77,11,70,92,31,79,28,100,63,84,47,69,33,71,39,1,53,2,97,7,70,24,8,43,79,17,53,1,40
783,184,Sonbhadra,1573,Ghorawal,783,95,32,81,76,54,3,24,34,85,22,61,40,2,53,19,59,8,91,30,93,14,80,63,99,50,85,7,57,55,18,98,81,17,32,72,23,86,51,17,44,95,80,100,63,28,13
784,184,Sonbhadra,7381,Karma,784,18,55,50,16,50,79,10,24,72,1,56,19,55,24,60,24,87,55,41,91,25,27,48,11,46,9,17,56,78,14,77,1,69,47,88,27,16,80,24,100,63,2,79,73,94,34
785,184,Sonbhadra,7380,Kone,785,15,36,85,52,47,83,8,71,81,17,68,95,85,39,89,17,53,57,67,45,11,62,25,7,33,82,23,43,64,27,36,85,48,69,79,30,79,98,64,42,78,35,23,33,13,30
786,184,Sonbhadra,1574,Myorpur,786,1,65,19,71,33,69,31,80,1,64,37,1,36,66,82,33,95,8,10,87,27,56,65,32,96,76,26,65,34,10,35,98,39,55,94,3,46,78,41,62,58,13,49,2,80,43
787,184,Sonbhadra,1575,Nagwa,787,57,32,72,50,76,64,30,66,8,1,49,98,30,96,93,47,62,26,89,1,94,45,94,37,26,88,39,60,95,33,5,94,42,55,10,26,40,91,18,9,75,96,40,93,59,99
788,184,Sonbhadra,1576,Robertsganj,788,95,46,12,16,65,43,47,63,84,50,5,94,20,56,24,49,74,66,29,11,47,72,88,42,5,90,10,60,10,64,41,78,72,65,13,48,80,61,11,58,88,20,55,90,21,25
789,185,Sultanpur,1577,Akhand Nagar,789,47,86,78,42,80,95,13,64,41,60,55,18,63,79,13,72,44,7,69,94,36,67,3,56,45,9,76,88,3,17,95,35,9,75,26,59,11,60,50,55,21,42,56,90,26,74
790,185,Sultanpur,1579,Baldirai,790,40,5,18,57,46,27,63,88,82,35,88,24,29,78,79,72,93,56,11,4,66,61,19,25,74,13,52,57,93,87,75,10,88,18,93,20,74,28,4,67,72,36,52,76,66,70
791,185,Sultanpur,1580,Bhadaiya,791,29,59,21,26,88,40,17,95,34,72,62,26,85,17,19,58,26,76,50,90,69,85,24,58,12,94,58,70,20,54,90,43,42,58,100,63,68,3,55,86,73,38,65,46,9,43
792,185,Sultanpur,1583,Dhanpatganj,792,69,91,12,66,15,96,59,71,37,41,91,44,32,18,69,28,15,26,98,33,34,84,29,91,55,6,69,87,50,67,4,8,74,92,13,29,57,11,45,38,15,79,72,94,36,14
793,185,Sultanpur,1584,Dostpur,793,35,74,80,56,83,36,72,3,42,42,5,12,97,9,59,52,3,93,73,36,91,27,5,41,95,49,51,100,4,81,70,5,1,82,19,50,97,100,51,8,28,19,73,13,76,50
794,185,Sultanpur,1585,Dubepur,794,78,18,6,42,14,50,66,94,43,74,10,52,11,2,68,80,43,32,13,53,48,70,48,11,99,38,66,17,36,57,97,75,19,67,94,62,79,43,91,57,35,75,100,15,66,98
795,185,Sultanpur,1588,Jaisinghpur,795,58,7,49,12,89,26,81,20,37,58,13,90,67,42,81,13,48,73,14,3,81,11,59,61,82,45,66,82,49,13,4,28,59,10,12,63,90,27,37,90,25,61,95,33,81,73
796,185,Sultanpur,1590,Kadipur,796,78,14,61,28,33,83,57,23,65,27,16,51,5,58,77,89,13,93,83,73,94,13,52,78,29,19,96,39,63,53,80,38,74,62,52,81,97,18,75,24,28,61,82,45,63,93
797,185,Sultanpur,6714,Karaudikala,797,98,88,32,98,33,21,90,29,51,54,58,21,10,58,62,26,44,60,23,74,67,7,28,91,98,89,23,89,67,94,36,14,54,6,45,46,73,37,3,52,42,81,12,62,76,42
798,185,Sultanpur,1591,Kurebhar,798,68,16,65,85,36,91,90,6,61,19,71,60,87,42,91,92,55,37,100,27,93,44,60,87,38,62,66,23,44,7,1,43,5,82,39,90,39,17,44,22,58,77,3,38,93,82
799,185,Sultanpur,1592,Kurwar,799,81,45,61,76,13,49,83,60,83,22,41,4,38,31,84,35,98,50,90,67,7,8,73,14,31,58,6,45,76,68,92,55,59,12,52,86,6,60,23,98,37,19,29,45,60,23
800,185,Sultanpur,1593,Lambhua,800,99,38,52,29,18,44,10,46,73,3,51,3,34,1,21,12,42,6,69,43,100,25,74,79,6,70,21,43,77,90,25,51,99,48,30,84,19,71,60,17,57,79,22,73,39,42
801,185,Sultanpur,1594,Motigarpur,801,77,28,94,96,45,23,90,65,87,53,70,97,45,58,82,31,56,18,35,91,26,14,67,22,84,33,90,39,70,76,1,64,2,22,70,6,22,67,91,38,31,99,37,72,56,7
802,185,Sultanpur,1596,P.P.Kamaicha,802,27,28,58,24,88,30,93,66,16,62,83,20,28,81,15,52,86,89,52,76,69,47,83,34,25,89,56,30,61,97,52,47,68,35,86,92,91,40,3,34,1,22,98,70,6,56
803,186,Unnao,1600,Asoha,803,20,85,24,99,26,7,67,46,9,37,100,80,31,80,31,52,73,36,53,84,48,69,54,4,54,2,85,40,50,17,32,67,45,38,53,2,57,63,84,47,86,69,31,56,19,50
804,186,Unnao,1601,Auras,804,34,47,54,5,68,92,45,97,36,30,66,31,96,50,99,38,15,9,30,96,21,65,4,40,47,98,16,37,30,11,47,10,53,15,79,16,48,85,63,21,55,18,54,79,15,23
805,186,Unnao,1602,Bangarmau,805,5,71,92,55,48,99,62,83,92,43,93,41,37,100,51,61,95,31,87,66,14,64,18,24,35,86,82,46,9,33,14,66,32,81,46,9,63,100,78,18,97,14,77,76,25,47
806,186,Unnao,1603,Bichhiya,806,17,56,15,38,62,48,28,5,45,79,60,14,77,98,92,60,85,29,53,15,80,60,85,21,84,59,9,57,93,94,30,65,11,62,25,39,30,80,31,96,61,99,53,95,11,32
807,186,Unnao,1604,Bighapur,807,67,51,86,24,18,8,70,4,99,77,12,63,44,8,48,69,76,12,95,35,84,50,100,44,79,95,58,27,93,14,64,85,27,49,76,95,59,95,24,37,15,64,32,95,46,32
808,186,Unnao,1605,Fatehpur Chaurasi,808,38,87,38,67,91,54,86,78,41,62,16,23,47,94,14,92,28,62,47,83,61,93,94,43,71,3,77,40,79,24,87,85,48,43,92,46,72,63,17,79,5,94,75,11,14,75
809,186,Unnao,1606,Ganj Moradabad,809,67,94,94,53,8,38,59,25,76,85,99,33,87,91,57,78,18,26,63,25,27,93,57,45,42,78,56,96,74,11,47,18,8,42,5,14,77,98,57,59,10,73,62,78,65,4
810,186,Unnao,1607,Hasanganj,810,33,96,43,100,88,24,1,32,7,56,10,54,92,40,70,62,24,49,3,6,56,96,8,1,55,18,34,49,27,54,69,94,43,12,78,26,62,17,37,58,95,17,94,67,78,97
811,186,Unnao,1608,Hilauli,811,47,98,23,89,40,94,46,8,72,99,4,40,2,21,24,74,37,72,8,16,73,78,17,53,96,72,23,89,1,17,83,51,41,61,28,69,72,20,33,2,91,57,91,41,51,87
812,186,Unnao,1609,Mianganj,812,61,100,63,88,43,7,88,65,39,2,56,83,71,11,73,15,31,30,72,49,42,90,31,24,89,24,63,56,34,83,72,88,39,95,34,22,58,40,56,77,26,99,84,47,71,25
813,186,Unnao,1610,Nawabganj,813,2,50,77,85,21,55,12,3,81,86,33,36,87,80,54,91,31,86,2,23,89,10,87,39,65,28,32,98,34,23,4,40,79,81,10,73,1,6,42,97,60,12,97,75,95,44
814,186,Unnao,1611,Purwa,814,5,30,50,70,47,78,18,54,66,86,52,79,27,94,71,11,36,51,87,93,37,71,34,79,97,18,50,99,3,65,81,43,35,75,50,39,2,56,96,73,13,4,40,27,94,10
815,186,Unnao,1612,Safipur,815,85,33,63,27,43,42,95,46,49,15,63,53,8,63,98,87,68,94,32,9,36,4,40,45,55,47,66,89,43,79,87,36,48,15,18,81,7,20,36,87,3,77,29,75,11,12
816,186,Unnao,1613,Sikandarpur Karan,816,95,87,81,3,30,11,100,35,89,42,33,69,11,60,64,27,55,71,36,43,6,80,20,62,11,13,52,20,56,50,14,50,81,20,58,82,90,52,64,27,42,80,34,58,74,55
817,186,Unnao,1614,Sikandarpur Sarausi,817,37,3,66,8,70,50,27,5,71,19,46,10,29,65,78,18,48,98,10,55,34,24,63,51,14,56,21,70,19,91,27,43,64,97,62,51,30,65,96,32,57,20,10,91,17,51
818,186,Unnao,1615,Sumerpur,818,16,73,94,10,59,4,41,16,75,25,75,76,17,80,84,50,75,11,97,33,72,21,30,84,20,46,34,26,89,67,29,45,12,14,35,89,45,35,61,22,100,89,79,3,80,58
819,187,Varanasi,1616,Arajiline,819,19,59,90,67,65,81,17,85,25,12,49,96,59,34,73,40,91,58,10,73,91,26,68,78,95,42,91,39,28,74,10,44,64,42,5,72,19,59,33,54,66,29,58,60,13,35
820,187,Varanasi,1617,Baragaon,820,25,82,90,26,60,87,50,84,51,56,92,97,33,88,53,4,58,71,52,55,67,7,58,74,36,75,91,16,75,96,99,68,7,55,18,75,39,98,99,65,17,20,37,100,51,67
821,187,Varanasi,1618,Chiraigaon,821,40,90,94,49,74,37,28,58,21,42,58,3,52,74,67,72,86,75,32,43,20,12,51,1,51,45,57,20,59,76,67,90,83,25,74,25,15,91,19,82,70,96,77,13,89,57
822,187,Varanasi,1619,Cholapur,822,69,58,97,33,14,91,41,8,12,65,14,13,29,70,37,58,38,84,20,83,86,52,17,80,22,58,36,38,53,16,26,60,87,22,87,22,81,2,21,62,13,75,27,81,45,84
823,187,Varanasi,1620,Harahua,823,36,98,49,43,68,4,81,74,13,38,93,36,72,20,12,19,82,6,22,64,13,79,28,83,38,1,15,51,7,96,49,74,23,54,58,6,65,75,41,62,25,19,97,46,20,77
824,187,Varanasi,1621,Kashi Vidyapeeth,824,78,73,3,69,20,36,48,88,52,41,84,20,84,57,84,31,67,29,65,99,93,35,97,33,38,78,5,71,37,99,63,3,21,41,7,34,74,22,61,67,95,61,96,76,53,67
825,187,Varanasi,1622,Pindra,825,18,82,46,70,76,86,68,17,19,82,36,26,51,90,31,28,91,15,38,60,99,47,83,28,69,4,5,36,13,65,7,70,21,84,90,24,87,15,59,80,29,63,90,29,53,60
826,187,Varanasi,1623,Sevapuri,826,81,29,19,67,3,37,48,83,61,97,67,16,67,10,12,75,88,6,61,83,49,43,67,18,54,61,12,78,12,3,84,20,14,63,40,77,57,8,44,8,15,14,77,27,74,24
